sim-id,trigtime,ra,dec,H1-snr,L1-snr,V1-snr,snr,npix,logZ-tensor-N-0,logZ-err-tensor-N-0,logZ-tensor-vector-R-2,logZ-err-tensor-vector-R-2
0,966384130.7140256,4.566311836000001,-1.34117198,6.308629407000001,2.7203085189999996,16.737840833,18.092932299222568,78,-5.1466481691435355,0.013087541246015364,-4.839199805906518,0.009878622711196643
1,966384876.1370648,0.5138322710000001,0.275454491,17.336139920999997,12.188335297,17.412089971,27.427689327225227,84,-7.083369868728658,0.018241010753854533,-6.663943295700639,0.01883650934897193
2,966385695.0861443,2.9753379819999997,0.2969096,44.01534135399999,22.94360961,2.8627619419999997,49.71875805349315,98,-7.439785241979529,0.02022971870352471,-6.795275853360785,0.03667151006620307
3,966386622.0088493,4.524222851,0.46986758700000003,19.099788006,9.64042788,10.121585782,23.66825406163301,85,-7.082935438460596,0.0198341303938286,-6.783713038866226,0.019502434461020228
4,966387376.3090851,2.115628004,0.8671010729999999,22.652201699000003,7.308784675,14.361640167000001,27.799231707442587,84,-7.385707992997046,0.028847894355346113,-7.768175672992655,0.033742451245245525
5,966388392.1611309,0.816278517,1.0722539420000001,122.80928264200001,68.509580486,33.787632535,144.6280976633882,96,-13.628223461962712,0.28095779447908603,-11.297325335674422,0.1185746759208509
6,966389149.6836656,5.126654148,1.3677810430000001,6.320489951,4.2751057260000005,9.413660846,12.117843566933987,50,-6.626818701394479,0.011565848792775828,-6.361783180487536,0.010483561359246775
7,966390054.0539733,0.269400686,0.622580528,17.954297615999998,16.316380045,15.225815544000001,28.642739387787085,86,-8.137382302637043,0.03947670247350146,-8.166115989366055,0.030428028833348886
8,966390815.2299151,2.036648989,-0.331694186,14.188321909,8.304833192,14.706434904000002,22.05805885670686,75,-6.755818955392149,0.025542292477820677,-6.527223425046625,0.022710978374547244
9,966391727.9693226,2.344242096,0.890730798,24.61181917,11.832789565999999,19.218439173,33.39318726950631,89,-8.542256280244375,0.050707894210565416,-7.265683400709267,0.03065284914724547
10,966392440.273938,6.26701498,-0.461208999,32.830027146999996,20.952434163,5.916552332999999,39.393156402308435,98,-9.46478267248984,0.041921155184125626,-8.02809341160024,0.02395041889462322
11,966393363.9065711,3.93466711,0.544756711,15.633966496,4.608717311,13.302824017,21.038686044476105,69,-5.9761470864408475,0.01715717256704682,-6.346623031960625,0.019849587960175493
12,966394162.6198736,2.831732988,-0.501958013,17.929959729,10.155883455,16.420265262,26.348634422101433,90,-7.532301071383913,0.02604617607033097,-6.6031622074578555,0.02460593139040922
13,966395074.504896,5.884624958,-0.081114583,34.353152913,29.686912401,23.73828636,51.23434514344817,95,-11.784130323504199,0.1884456595630319,-9.706723434054236,0.06026022640298291
14,966395875.5055504,0.764776111,-0.866135478,32.5048746,28.241020996,1.150764554,43.07489290430077,100,-7.083949555763017,0.022587932661347034,-7.617461683014396,0.021641896526029887
15,966396701.0882093,2.0953619480000003,0.776272774,20.7111006,19.159608758,3.26846796,28.402872717887135,92,-7.5914098789069975,0.018018812763655603,-7.807179529105233,0.018553719741474742
16,966397582.8099912,3.67781496,-0.93659091,22.32844405,16.621698426,14.695029734,31.476724275915615,97,-8.06492011894351,0.03013786678485256,-8.109571480790741,0.02112727153123797
17,966398307.3417128,4.155073166,-0.853335381,18.036012839,15.17754945,16.621157275999998,28.842999768215787,91,-6.9138783248505495,0.03403600909480587,-7.051498196191053,0.017330928598945014
18,966399127.8480319,3.276175022,-0.127407894,30.55485672,22.263281169000003,28.339953759,47.24834321594714,93,-12.187633137154998,0.23704545559625778,-7.681754483473462,0.033159698336900606
19,966399978.5731546,4.594175816,0.1008958,23.310108899,14.023594411,3.9736693169999997,27.492042938427414,93,-6.542249573458933,0.017119969730742726,-6.225393319870472,0.01652874220407201
20,966400798.229133,5.027079105,0.045537829,16.631499502,8.655145772000001,11.127521323,21.80229471439682,74,-6.241741961914698,0.020480000458076117,-6.396381036936104,0.01361117401925994
21,966401595.9413028,1.895926952,-0.27398338899999997,21.026246614,12.459460762,2.462633989,24.56431915027042,80,-6.2188765161498285,0.019805018188649662,-6.245854994484845,0.014117160460712775
22,966402505.2010216,4.196976185,0.01537717,23.398056966,7.112062332000001,6.780282967000001,25.377603068671096,86,-6.631940614056463,0.019846217044287198,-6.96477994889788,0.023227270135075376
23,966403401.6063725,1.381757975,-1.206508994,8.89871913,6.795138181,14.016913134000001,17.939759163924517,70,-5.881796156639492,0.01292837260435142,-5.343172764267292,0.013294142786151202
24,966404135.5558304,1.7955139880000002,-0.608824015,15.276752969,12.68079875,18.842532869,27.37193605014445,89,-6.783073023805766,0.02059319146470623,-6.472507861735024,0.017375510209040244
25,966405069.5770764,3.3930230139999997,0.824247122,30.251645851,5.893937114,19.722656063,36.59076022136603,96,-8.327196932780776,0.03318494344435123,-9.932819226733683,0.08261415234082553
26,966405882.8559777,4.48193121,-0.069394477,25.035774421,8.917312894,1.700786278,26.630830705633834,89,-6.919340556713213,0.020109513862674882,-8.09203622763609,0.01871364211240633
27,966406637.3648524,2.011046886,0.917541921,23.387929561,18.410949247999998,17.774375505,34.66823799900239,99,-11.654075425398794,0.048768411384561054,-10.468213286224456,0.023351449406982583
28,966407642.614747,2.6476430890000002,0.6721826790000001,23.903650334,16.645074596,16.381560374,33.41853569328779,89,-8.95015593481105,0.04875633346225454,-6.961484906236288,0.018218628351225664
29,966408367.7889053,1.402341008,-1.013277054,7.866019129,5.350360076,13.887246687000001,16.833188361871354,62,-6.102190197399677,0.01597873128113318,-5.459497846756896,0.014083998975419666
30,966409213.346088,3.402846098,0.39415350600000004,19.054047618,23.08158143,20.452104995,36.25058248725441,95,-11.806416630275615,0.16817011000893228,-8.597529792332203,0.0588726541057762
31,966410092.97924,0.29302999399999996,-1.17513597,25.467942050999998,10.93837091,14.511864694000002,31.28671039554641,93,-7.887591713638528,0.022080253852182312,-8.230741929291069,0.030043743067750008
32,966410931.1897149,2.840524912,0.426784396,30.797445266,25.656363495,11.034373465,41.57510096758552,96,-7.572399806246403,0.024963398486267455,-8.06493202794678,0.028900164725656784
33,966411642.324408,1.7731980090000001,0.784594715,27.324153366999997,18.134656919,20.068931999,38.44785000976853,90,-8.284499767066302,0.03785366106994976,-7.612680113771014,0.01993356799771078
34,966412520.1734225,2.3241679669999997,0.913681209,28.82902028,18.308100118,13.432614274,36.697875503487005,100,-7.553595773357932,0.03387859233389958,-7.002475120029647,0.0233198345307549
35,966413373.8141752,4.67776823,-0.090007491,10.2895643,4.162061692,8.055130265,13.714336097601203,38,-4.83140796930894,0.011129309886939023,-4.641179611446229,0.010530723677185634
36,966414245.4995545,1.940791011,0.266078502,3.7371506930000002,5.982744365,23.671566529,24.70025480386797,79,-5.944844918680124,0.013909089643471675,-5.37198337590666,0.013669452294647116
37,966415025.0180658,4.30198288,-0.26366201,26.992628855,15.349632827,25.291417858000003,40.04833401897582,95,-10.112879228383312,0.03911588790216851,-7.2626802045081655,0.030130129027484742
38,966415841.154488,4.205428123,-0.10116810400000001,28.960515799,22.778836209,10.08241523,38.20002553992228,99,-11.850177764526924,0.05792572228810423,-8.099073662299002,0.014185905975809354
39,966416701.6392397,0.101082399,0.496083885,13.399158735999999,10.588761989,7.73506945,18.748083493747824,62,-6.0029762118147865,0.020580014525147235,-5.7369358743440255,0.017104784552077
40,966417510.4066653,3.747205019,0.40731701299999995,18.545572368,9.823375514,24.256183484,32.074902932904635,101,-9.26654046884523,0.025779160300036182,-8.030064021114319,0.021259136057669124
41,966418394.4530078,0.021818221000000002,-1.045495987,28.555774422,15.655173392,25.201025276,41.1777656233959,93,-12.359149291879408,0.0815857259030612,-10.48981733649784,0.0752885221763385
42,966419244.982511,3.54538703,0.558755279,12.736926475,11.502252795,15.478585068,23.11098680491497,83,-8.16424538385067,0.024797560538684697,-7.361619050862359,0.022240055112948912
43,966420201.458412,3.7537620069999997,0.37133160200000004,6.639607917,5.419056822000001,24.456766643,25.91493786914627,91,-6.50678347048057,0.018177558913056373,-6.005902444920446,0.013224637428451948
44,966420913.3284323,5.408080101,0.086412877,21.858412979,18.715496408,25.554628480999998,38.485049831854354,87,-7.567086449075189,0.03249517246938033,-7.291960360012592,0.032917948667172826
45,966421764.9511981,1.12560904,-0.279754907,10.745538289,1.995377325,23.755284745,26.14883701248526,84,-6.185533550269405,0.01744125367857936,-6.31468748472465,0.018552504641205798
46,966422694.7459024,1.6556210519999999,-0.633811891,13.080136265999998,11.218818665999999,14.786948983,22.70695305899854,80,-9.228265115706188,0.038787454322281804,-8.189565859063862,0.021237730643064633
47,966423384.1048456,5.50714016,0.974905729,27.763828897,15.42808948,2.535796176,31.86355915887293,96,-6.929273853603577,0.02078788434015662,-7.108912056132011,0.01334006680566132
48,966424376.8928205,1.9904179569999998,0.49544298600000003,18.079421707999998,12.837176815,16.123535641,27.4158165926509,93,-6.826321671189425,0.02976012871493611,-6.56338130098017,0.015643509472554665
49,966425050.1832511,0.648217976,0.086842343,19.494593472000002,17.898455501,14.475323107000001,30.165027150855845,98,-8.284095130431318,0.039320765270047874,-8.228677529595087,0.04144299287621281
50,966425978.1803513,5.552133082999999,-1.20065999,18.877969747,16.355770348,12.25329724,27.821435237905234,79,-7.844546836878232,0.03440518693353579,-8.114433334771116,0.01995396887844845
51,966426780.6526382,0.45680019299999997,0.629652023,13.613285664000001,4.309320513,4.258794665,14.900641659071699,48,-5.085634473619299,0.012535957877054698,-5.564867453570016,0.01709050767713276
52,966427546.6668217,3.086776018,-0.170943394,25.202592656,13.329245382,2.18954561,28.59429259513345,84,-6.503400023517429,0.01689116520359714,-6.645014305144917,0.019614413592991254
53,966428422.8576909,5.364758015,-0.408536911,3.9146687780000002,7.067315056,9.154135921,12.209413507714235,53,-5.807684181279875,0.01791086086346988,-6.146864714245642,0.012753108737972068
54,966429320.0472957,4.422707081,1.238306999,8.177882078,3.3139783439999997,18.529326779,20.523064065317858,82,-6.2561228257381325,0.015894137701396364,-5.685811825565292,0.011917444408153293
55,966430110.974127,5.577914237999999,0.062570147,20.849274319000003,22.149843811999997,12.55644773,32.90854296563629,100,-9.340222575159638,0.07344083998955897,-7.060922336022333,0.03632841143022325
56,966431019.6399208,3.894028902,0.08627588300000001,31.2907117,19.491491161,3.246411244,37.007648565357776,100,-6.9665118888698,0.026636395500493164,-6.656872022577903,0.019958665795165628
57,966431803.0623486,1.2784600259999999,0.8646892909999999,13.352528695999998,9.109155325,10.034566532000001,19.02522690528588,49,-5.696798112350571,0.018731715247505328,-5.628051456901414,0.018170714214225794
58,966432638.7037562,5.7467060089999995,0.882754922,14.445609074000002,6.487109952999999,4.845965102,16.560241388063904,47,-5.16377701119442,0.011732043665776775,-6.708214187917944,0.008705068711828324
59,966433590.7686573,5.017643929,1.058632016,19.376058104000002,9.199969947,1.4765561459999998,21.50003006341102,84,-7.159658775989486,0.01951049486528196,-8.38898032984616,0.029000161908068242
60,966434391.8076493,2.200952053,0.330538899,23.163553643,13.724007213,18.321566873,32.56652275015596,89,-6.890260931399878,0.027396990249474455,-6.331303527797334,0.027420228983458785
61,966435192.5465316,4.91078186,-0.210392594,11.006490265,7.472260176,3.505623888,13.757430680744553,32,-4.506928610847263,0.011160386831151493,-4.952294692257864,0.013689123049807603
62,966435923.3286929,2.550282955,-0.38860610100000004,21.112519651,31.473990292,27.883936656,47.05172126873353,99,-11.1760666603175,0.05611472315226292,-10.189240125405012,0.08269583650020079
63,966436750.58512,5.524411201,-0.889311075,7.097375467999999,4.846829073,17.44168877,19.444202162757676,61,-4.892610143783805,0.01126305220565085,-4.419113752627973,0.009938840101030121
64,966437685.6885507,2.916286945,-0.27644360100000004,55.37449255600001,27.919232194,14.400261130999999,63.66463282528201,102,-19.22049611206039,0.08083795315482603,-7.831461422624263,0.02426038410990634
65,966438488.7023937,3.344053984,-1.047121048,22.510806477,15.607451784,11.95632538,29.887834917023717,96,-9.704948305617322,0.051489431117484434,-7.659584923434746,0.01449183182995987
66,966439349.1656429,3.798664093,-0.71726352,11.687857572,7.9157566489999995,12.613419095,18.930492841330256,66,-5.512491365333058,0.017561139839283674,-5.2535193229287716,0.011638078385873944
67,966440200.0348392,0.879197001,-0.587677896,12.250747273,7.113553959,19.66151498,24.233419692302732,81,-6.803348173482449,0.020337987541329674,-6.385795579824488,0.02219128871249013
68,966440975.5751549,5.82459116,-1.1225420240000001,10.485054277,3.61720088,12.270944645999998,16.540755360717505,52,-4.822043686486353,0.01572349955315186,-4.89810449410648,0.01116162184737864
69,966441923.8422563,2.3973290919999997,1.053797007,10.344197097,10.686432083,13.915150049000001,20.367465358564864,66,-6.709033049744284,0.0231008952451601,-6.381585840261236,0.014057179790729606
70,966442770.8774732,2.523857117,-0.38844299299999996,17.781511434000002,15.91845446,18.132999221,29.973071281090853,89,-9.507676833731301,0.08213930785371755,-7.6749341749228055,0.031304376094733424
71,966443508.0463868,3.6999430660000003,0.1888403,22.442347476,7.540267387,18.462606744000002,30.02303183032276,97,-6.869670262393753,0.014296105789623996,-6.391790538009307,0.01939212040169763
72,966444391.1877311,3.148665905,-0.018948911000000002,37.030652307,30.553083471,24.995111223000002,54.12500073827213,90,-33.34317419380016,0.1393594467445022,-8.370302126587747,0.04148998991451799
73,966445136.1558515,2.91022706,0.986872315,13.110356355999999,14.766546345999998,16.731382587,25.88187586019302,81,-8.614763749453841,0.04475669779434745,-8.641312099072804,0.029517065066425412
74,966446074.2363958,5.836676121,0.469634801,12.515499552,16.571367014,14.273925750999998,25.19906526230408,71,-8.536935881834758,0.04946122928586099,-7.080392146477593,0.02787340527372611
75,966446977.0969534,4.192680836,-0.48448750399999996,1.720441994,9.451406469,19.581014031,21.810665175074156,78,-7.262538671833608,0.016201502802728647,-6.964891464569897,0.02683234028991897
76,966447768.7731642,4.558440208,-1.159067035,25.954266526999998,16.131151827,8.696097669,31.77200221718904,93,-7.374263746300892,0.024809140651182615,-6.799148737676033,0.019119028445118737
77,966448645.5620782,0.469430894,-0.46871641299999994,41.38372003,13.093082762,29.738428756999998,52.61573191232038,100,-11.064792999251848,0.04048854302384808,-12.890568453054442,0.08336111944314147
78,966449438.7522944,4.689691067,-0.311218113,23.932688603000003,10.976984352999999,8.939003439,27.805998484798685,81,-6.741519919186514,0.03118063470772384,-6.390690200942205,0.019327325484210983
79,966450319.3602328,3.36696291,0.09627593300000001,29.336475915999998,21.12213124,23.047214606999997,42.8712881592208,99,-20.296487733139426,0.05952643051852585,-7.542880911062024,0.03502983997579054
80,966451034.2388333,5.059707165,1.4075319769999999,25.45872885,14.947303799,4.395033053,29.847698086358097,92,-6.651993115495014,0.019576961553589792,-6.386310582759772,0.02060999383823829
81,966451879.950648,3.473279953,0.650047183,9.918245249,4.285684277,15.424382014,18.832159702361352,60,-5.769107272952308,0.012806305872086738,-5.748687962844354,0.012705556431400327
82,966452710.8255734,1.34484899,-1.18552494,25.389403586,16.022426262,11.968724265999999,32.32012249867803,97,-7.91478837843779,0.027946692569604185,-7.734787920138314,0.019841213179915693
83,966453658.1423149,5.044246197,-0.9346209759999999,15.913832395,4.966198524,8.910967555,18.902870999988174,86,-6.47518961877427,0.014898251448817335,-6.3863469950361145,0.018665954501934805
84,966454383.6048882,3.8035979269999998,0.157894894,27.849316959,21.927135836999998,6.450545637,36.027673809338765,93,-7.624046622233335,0.03694583814548654,-7.129968725138956,0.012809195918039263
85,966455229.2924796,2.7013568880000003,0.863999486,19.280649307,16.94434551,15.087732469,29.77404832262307,102,-6.760178415368519,0.0287652707887443,-6.713829741199431,0.022140344129079236
86,966456099.4149297,2.811041117,0.179113999,17.693275726,11.407337914000001,4.97598764,21.631916632464065,79,-6.112177156324658,0.017929792407158474,-5.982300544515592,0.015359226212165407
87,966456966.6938748,3.993596077,0.612660825,6.34902149,10.40277374,6.484392239,13.804894714387315,28,-4.589175809635651,0.011319506051336588,-5.243301308230544,0.013623465998270816
88,966457725.5504688,6.096737862,-0.35198909,19.768341414000002,15.64796327,11.752641687,27.816733513889563,83,-6.808193669005484,0.02519292006448962,-6.415392955097531,0.023033272225921227
89,966458579.2437928,5.840044022000001,-0.161384702,3.2962171,3.274631958,20.321642044,20.846040319330573,75,-4.603690364872821,0.010845114602711531,-4.074325597796773,0.008528873296928257
90,966459394.1102189,4.415417194,0.530649424,9.760528869,13.358224358,4.534697953999999,17.154403730099705,62,-6.19412075441217,0.016887474743908445,-6.747082454177557,0.01708458180684939
91,966460209.4674445,4.611529827,-0.551486313,11.712573826,15.578895894,14.95980914,24.56994652844849,84,-8.944292111447254,0.055658843642795115,-7.895141654494368,0.01845099458577504
92,966461173.0153859,3.499650002,-0.234428197,4.91581222,5.7985188789999995,9.442091287,12.121927191847924,43,-5.370552178732981,0.012712404648001328,-5.914034153052652,0.011986778987806127
93,966461860.8809127,2.233896971,-0.527740598,11.933218379000001,6.952039169,12.715418780999999,18.772704234191224,76,-6.187880412368862,0.017799282409729857,-5.79117041761849,0.012338610612132763
94,966462826.3137631,4.577453136,-0.482381403,18.588051326,20.756556656,10.0412122,29.617161220433957,92,-9.930139669259923,0.056573913136087076,-6.770401276868178,0.027185185103818885
95,966463541.1546702,3.227312088,-0.09027519099999999,8.698031811,7.783043776,10.835812082999999,15.926278639481009,42,-5.615654664367882,0.01786876316774971,-5.642206549277902,0.015948185244159876
96,966464367.1004369,2.95332408,0.49938881399999996,21.023794663,13.962401525,8.372346565,26.590313751096975,98,-6.990120869956366,0.024361712134642863,-6.764271962314214,0.02048048279746708
97,966465299.348835,2.977641106,0.281923413,18.496725094000002,15.270361298,14.473720670999999,28.014306406488064,91,-6.906224282101804,0.033780813711881595,-6.5913693698996525,0.01761771068716471
98,966466087.3538438,3.41188097,-0.325450808,7.377072356,4.838236954,9.535464661,12.990566564622593,49,-5.384364599704067,0.012341978134414329,-5.142603597275865,0.0117376578785866
99,966466987.3090056,2.509705067,1.025519013,13.751067914000002,2.7316492080000003,1.899012815,14.147792260368456,44,-4.7014213112444825,0.0116883980699725,-5.565449171722789,0.011188775958725692
100,966467777.9735888,0.164449006,0.8864979740000001,17.871478077,21.16226631,15.149918120999999,31.571367773744882,88,-9.128082464109069,0.05750405534064443,-11.992876055923288,0.03212986039192842
101,966468608.6938579,6.100152016,0.110350899,20.538960218,10.858528859000002,3.81825516,23.54433282735336,105,-6.1144896145419585,0.0173917879171668,-6.571999675738273,0.014430964375580264
102,966469394.2662328,5.989507197999999,0.956884086,20.222988130999997,15.201607798,18.086531227000002,31.09952958512439,87,-12.231701743565663,0.04653587312286798,-11.005965927173586,0.027346452553591555
103,966470371.6829549,6.190576077,0.583625197,19.306153915,10.96248528,21.459818558,30.877620942134897,95,-7.3537881825051326,0.02396922261875613,-6.855930748538014,0.017092782365937014
104,966471238.9970069,1.875733972,1.215893984,23.349917671,11.538799725999999,10.166153418,27.959134995159076,90,-6.398984104480677,0.018361009978374514,-5.77944491671009,0.01965905785985159
105,966472016.9955491,4.078219891,-0.41339018899999996,16.904382197,4.159797333999999,2.726814764,17.620941237044416,53,-5.009923176256749,0.012294333219781598,-5.725603889803926,0.018350700763830625
106,966472873.3556743,4.395013809,0.456999511,6.8241633120000005,9.114877293,7.298781808999999,13.52488110375404,42,-6.0466208173591385,0.01669191550467129,-6.255785396356835,0.01684609494400763
107,966473697.5591412,2.7623000139999996,-0.133931905,9.905926148999999,15.105917945,20.830370212000002,27.57209554965839,102,-7.372165243249986,0.022364279793141886,-7.127830661415564,0.020606196666397614
108,966474482.6405213,1.690603018,-0.377988189,21.219669409,12.995228964,9.544179842,26.650360494944042,83,-7.372859924313115,0.02895913600487145,-6.857859670277909,0.02273418799083688
109,966475436.7628914,0.630061984,-0.275971115,24.5959255,17.730656232,11.583468218,32.457856638668034,97,-7.647212916932808,0.028444079587361278,-7.133564399713573,0.022165843739229547
110,966476225.3396488,1.9462130069999999,0.28880780899999997,24.161980795,22.493782139,26.728239800999997,42.47552652663066,94,-12.646374675356984,0.12159824725553128,-7.083873577300136,0.032702845146235095
111,966477083.0038755,0.189787105,0.241342098,2.088449087,6.810125547,26.920585415999998,27.84703482769835,102,-5.692100971297286,0.01411533068238853,-5.341711959828138,0.011207397647054886
112,966477821.0622933,3.92130208,0.918772101,12.157582822,5.623247546,13.453022342999999,18.984507978840053,72,-5.6197957383444646,0.014500192962516503,-5.542148119729481,0.01222739021607117
113,966478634.0402684,5.825509071,-0.372508794,23.488695898000003,35.127452077,33.660498815,54.02486376554105,95,-12.207016014224772,0.10962149034512447,-10.20208680821808,0.04475418006746322
114,966479560.3408769,4.917521954,0.8849685190000001,17.856462242,9.678319929,2.5215108180000003,20.466585871936267,70,-5.8178744007950245,0.016042421408622262,-5.995981439199894,0.012557865283882037
115,966480348.6438109,5.050005913,0.8816127779999999,18.043397222,8.802488146,5.6654456479999995,20.860135552334985,57,-5.559539073788672,0.016280363331401752,-5.886148432006348,0.012092953430246505
116,966481132.8549422,1.146350026,1.1840909720000001,28.333500853,16.745135396,14.986712467,36.16335687662107,84,-7.995649808859017,0.04535650034728543,-7.094434345614941,0.01623304880100262
117,966482049.910158,4.293917179,0.045552749000000003,5.612362735,2.0120332519999997,14.349384919,15.538717476999027,57,-4.1704999617820615,0.010028145508947433,-3.695716321786203,0.006878662498658608
118,966482815.0767264,5.9163661,-0.870675325,9.822247467999999,2.935031672,4.681718274,11.269846593249664,30,-4.024596201230313,0.009697941675157088,-4.5427459617850685,0.009712625144819739
119,966483688.4518557,4.229990005,0.42198669899999997,19.229563097,3.9632560669999997,19.730130885,27.834538981153386,100,-8.387205441238672,0.016473668650029336,-8.371304350830437,0.02851865276572539
120,966484526.6208398,1.267366052,0.721895397,22.872812767,14.851676070999998,16.46976676,31.858924387382462,96,-7.540786601444112,0.03121636606002052,-7.14544496321018,0.02080139035273255
121,966485420.0546067,2.875614882,1.114907026,21.412960783,9.398871492,4.136374674,23.747910860981747,73,-6.5355571447124,0.016205834111654858,-6.124917370983057,0.027940073764827853
122,966486300.5334415,3.0788409710000004,0.999722421,13.877520857,9.735560543,12.574985596,21.106799543334276,70,-7.681373367916678,0.03210848481346027,-5.506432183110029,0.017690092258427575
123,966486984.8659459,3.798614979,1.053156018,22.717910871999997,8.125070309,7.36976686,25.22763773097044,86,-5.923132009354361,0.014452850672687397,-7.251029328670299,0.014708763240245564
124,966487965.6237987,2.594747066,-0.438293904,24.953055453,14.55767558,13.220529587,31.77047839258584,95,-7.29162406507728,0.028602740017497574,-6.973053247305482,0.02472562380509339
125,966488791.8541216,5.776751995,-0.158280998,2.3083890869999997,11.57263829,13.56651216,17.980680447513176,59,-7.671376531327125,0.029211619861328975,-7.6528806920807195,0.033342893273682096
126,966489485.9428358,6.20639801,-0.660772681,10.528586034,12.779857724000001,11.149667181,19.96223849091306,59,-8.321239791703961,0.04762864721740505,-6.2750959370889206,0.019908222226986457
127,966490417.8095952,1.990710974,-1.1157950159999999,14.002985868,11.3981166,17.31178207,25.013965572970964,88,-7.911048420156168,0.031721299879102625,-8.12723268540762,0.020262129998885027
128,966491255.6655059,1.63975203,-0.644807279,11.096802658,6.831976331,11.910000000999998,17.653980566483018,57,-5.947794154074849,0.020239563059443976,-5.830657590988134,0.018780130415574556
129,966492093.4685117,3.459466934,-1.213981032,10.675407827,10.260488836,7.989542223,16.82482535896148,59,-6.306641754723041,0.020611356518768564,-6.490477782377596,0.015790907484172383
130,966492996.5494275,3.763412952,0.305658489,49.292738445,20.383173182,32.305073617,62.36076966951558,100,-23.171662774745297,0.07487325773957519,-9.536257594730126,0.05863773739958336
131,966493741.9519181,1.877864957,0.249127805,24.4096153,14.754266989000001,3.521348802,28.73878234828393,87,-7.320621201213194,0.0157513052512654,-7.2957694789375465,0.020750732653600515
132,966494664.1195288,1.453856945,0.975162089,18.476853292,14.396217912000001,17.382308061,29.168301823578734,84,-7.923783059067935,0.03947571223737736,-8.084112594138274,0.036401744290829104
133,966495366.6819708,0.7850949759999999,-0.8217856290000001,22.691576619,17.078343726,11.043068723,30.47173839314475,91,-9.526289292957737,0.09880265126983528,-7.582938400567316,0.040068522304432926
134,966496190.7463008,1.8427430390000001,0.973335803,18.506285022,25.64171931,24.146258276999998,39.787210800305154,89,-16.675113545249953,0.07177847826510603,-10.212073113875366,0.14020093336732778
135,966497113.5732387,4.453083992,0.21492010399999997,32.035396665,14.493727338,6.453438417,35.74886905951282,83,-7.994023320006629,0.01928965942638202,-6.748260281233929,0.028911495878894383
136,966498007.5125188,5.66384697,0.698318422,9.985426623,6.407294278999999,24.615957331,27.325949574399715,92,-6.383729965821805,0.016581840211866778,-5.8293632447154256,0.016995204961711547
137,966498847.8415098,3.911570072,0.787592828,23.937198416999998,12.436202174000002,17.234377701,32.010504015215936,102,-8.450831315056996,0.03751787837218775,-6.936174885752855,0.02457460922566113
138,966499712.8599964,6.091360092,0.1085236,14.665772997000001,8.283986962,11.932254119000001,20.641899765925444,76,-6.281366710978947,0.017628611277307835,-6.300469726567578,0.020073397817133975
139,966500529.4975357,2.876631021,0.5500385760000001,24.225997913,19.199907507,17.64643864,35.59399134451375,93,-7.769869913287601,0.036368637387114953,-7.921966159166809,0.019296091842508634
140,966501316.5649843,4.715135098,1.0071870090000001,23.886363395,13.567467136,8.153729262,28.65515349116858,97,-8.15305675216178,0.02883967530163918,-7.243598113043599,0.014234609401030069
141,966502051.8231368,5.70123291,0.408743113,8.268351648,3.4536015960000004,19.217471566,21.203872673379657,82,-6.102933219304282,0.014436138015459368,-5.6403382465030125,0.01392353042109557
142,966502874.7603632,0.37530410299999994,-0.8115394709999999,16.97419425,15.539190915,3.962945118,23.35154510386479,73,-6.952714204017486,0.014943930902506132,-6.608996409736489,0.01864163670366287
143,966503756.5902172,5.294123173,-0.058596040999999995,20.053250541,9.693273643,6.289059761,23.143998873479593,76,-5.961537094052906,0.017023831108906116,-6.1378275482480085,0.014964676137124853
144,966504712.1828848,6.000189781,0.064191788,33.628813813,24.858485652,12.661186417,43.69378753170907,99,-7.606319919095848,0.027889408627071923,-7.7281566912743465,0.027164148749559396
145,966505437.7885923,3.1328880789999998,0.283238888,31.889113177,22.929553727,4.490839579,39.53286750868456,94,-7.061770838288565,0.026116021196608094,-6.8490834287604985,0.022243409045176715
146,966506252.3000045,5.168163776,0.132759005,26.545629505999997,14.48232349,15.126949384000001,33.811724848119205,98,-9.359131043877788,0.04886965105025822,-7.575187758618783,0.03244995941831218
147,966507175.1221336,1.6645900009999999,-0.12327390199999999,33.354859567,16.12482018,7.132439664,37.72834714286099,103,-11.541881261007429,0.045249949278306306,-8.084245500940698,0.03305885164707963
148,966507937.6791332,3.168452978,-1.039798021,13.308954337000001,4.419447236,9.211167519,16.77812225724976,52,-5.663281631410317,0.016395633936157953,-5.714879861221775,0.010477686526798086
149,966508835.728827,0.12961819800000002,-0.895054281,25.714256216,16.541866491,30.580912915,43.2440580249238,95,-9.719461823628887,0.03079355947451597,-9.361176721283151,0.03205810538009986
150,966509675.8955742,5.446939945,-0.50918901,10.595205218,9.13759442,14.119584064000001,19.877541586833928,62,-6.994876935520728,0.017792705872417065,-7.083505195865869,0.017123107032485256
151,966510443.1285728,2.603339911,-0.050794389,8.77012255,10.811865368,19.962243915,24.337269041528277,100,-6.531609786037445,0.017746527442370635,-6.993873263234343,0.01420746549746379
152,966511413.8394728,4.278390883999999,1.003571033,6.899003231,1.799069379,18.836086031,20.140283840577748,68,-4.9652694638838115,0.011862317252762471,-4.356729786347279,0.009806739085042971
153,966512107.7894636,5.854815006,-0.5036141279999999,20.742493476,17.732054054000002,1.521939423,27.331174072534136,78,-6.181184414068186,0.019924141833899785,-6.3800938079888425,0.01674373880017111
154,966512984.9840049,2.7785859110000004,-0.23545530399999998,11.179573785999999,15.392345489,26.27005917,32.43490679013365,98,-7.3664175608701115,0.028768732143552633,-7.3077273183222475,0.028820027097321368
155,966513761.93472,1.002642035,1.052037001,21.554047026,11.192747185999998,5.712639558999999,24.94972511872189,86,-6.421400355663656,0.021443555351774977,-6.228734421087962,0.017721536915576125
156,966514658.8646227,4.55657196,-1.3197410109999999,28.504787888000003,18.714522309,8.008177779,35.02694946942996,99,-6.749257967074635,0.021526271352259443,-6.615283751505529,0.018953182987709077
157,966515547.2299566,0.521584988,0.276379794,14.058330122000001,14.502543921,17.879791435,26.974939624747375,78,-7.101166454756009,0.030325501193147697,-6.900780520994146,0.025996597532256145
158,966516435.7112752,3.5368540289999997,1.299056053,27.791348808000002,18.032906297,6.085366056,33.68347455533384,94,-8.715833920843664,0.01820734665846414,-8.683705609418423,0.01700628311761264
159,966517189.1647975,1.7198569769999998,0.08796588300000001,5.7554902629999996,8.746255531000001,13.056812022,16.736277786858093,60,-6.094350169217567,0.01513597769289826,-5.824915797639397,0.016059035483258457
160,966517959.9684585,2.47281003,-0.8109762070000001,29.924654004,12.385720579000001,12.986744279000002,34.893359231927164,86,-7.6461002872794035,0.033768679712730114,-8.800025939311032,0.07240652392075779
161,966518816.8920307,5.157693863,1.281301022,26.440532135999998,12.970751225,3.626773833,29.67314636858419,106,-7.116659102953651,0.024591623949809634,-6.879997664559304,0.023017320598007363
162,966519636.8573987,3.399882078,-1.3205809590000002,22.492768338,12.910419001,6.849568215,26.8238724091108,88,-6.466690361531988,0.020855050680306308,-6.284157218933911,0.013259417279874312
163,966520479.630824,4.873354912,-0.127712697,19.429605957,14.006499228,10.881131325,26.307615383765796,88,-6.692668659459247,0.022475558325395616,-6.1260790244788295,0.02281881562935632
164,966521452.9191213,3.414108038,-0.65488708,30.622032445,19.716667922,14.320741975,39.13488872762491,97,-9.934092503370913,0.06905902800470258,-7.494192814262634,0.032676968030884095
165,966522162.7530378,5.291759968,1.0667459959999999,19.638486888,10.030448472,6.69747124,23.04639201285577,83,-7.433141306064772,0.019876126256416042,-6.9805618357006045,0.026645068366268655
166,966523143.2225771,4.448769093,-0.659549475,17.030869375,6.520207922999999,7.668468024,19.783048927366462,79,-6.88885202404113,0.01572280407530955,-6.630904413429573,0.01807022401768458
167,966523831.6513273,4.544789791,-0.8547592159999999,14.600905178,12.245392282000001,10.410879251,21.71456817290905,90,-7.03561220314504,0.021161849779583956,-6.510359279271385,0.018031392366101323
168,966524651.324476,3.089869022,-0.119294897,35.892279157,16.5828238,5.107917734,39.866484317571505,97,-7.50356989322803,0.03649602900531462,-7.743576532882591,0.04777676823810719
169,966525515.7409035,1.8563549519999998,0.636901975,16.38847723,7.590850894,3.2288700869999998,18.347446831967996,71,-5.678491263445187,0.014496055857894903,-6.3810290802397,0.01320288952718838
170,966526433.3416272,0.888112307,0.19725689300000002,15.508556829000002,10.844059254000001,17.933764928,26.071610623729185,89,-7.50473231131644,0.030931813617181548,-7.474523000955751,0.024569903609403688
171,966527276.856701,4.086752892,0.054890300999999996,29.155628335,10.895769366,0.693189189,31.132763528756414,97,-7.311995829615584,0.025498929363393277,-9.307041925683313,0.018659285257883875
172,966528130.9973754,2.667943001,0.107023701,32.007023262,23.515463464,25.379596772,47.13332676917937,98,-10.609057474798727,0.13794392036762781,-7.988164095513159,0.050264200426861194
173,966528894.3209981,2.334625006,0.131726697,9.864592324,13.449525533,6.951549332999999,18.06997390453764,65,-6.1581833934795815,0.01910864388466902,-6.382045018504685,0.021928306755344816
174,966529787.4684361,5.015498161,-0.03247761,21.627933178000003,14.381902514,5.2168061969999995,26.491917264918566,94,-7.384478666800858,0.024454710458007206,-8.795524733881642,0.01609739295857778
175,966530498.2915603,5.506517887,-0.727974892,11.192581612,10.620348222999999,7.636592659,17.215784238847572,57,-5.711947895917782,0.015487556593373033,-5.5244126252135874,0.014413371905698264
176,966531397.0859427,0.823146701,0.643002808,14.79597693,12.178001735999999,12.718596054,22.999724893570697,64,-9.277111571710156,0.036026805575635014,-7.117696893629512,0.027878503434172534
177,966532326.2128128,5.25701189,0.46925211,17.431472005,13.834026032,24.786698626,33.31091294592964,98,-7.090424365148598,0.030539622482643927,-7.49152325211959,0.022192686115448952
178,966533187.5547181,0.65378058,-0.347700685,14.071923035,15.222058752,15.818105021,26.07570779495139,86,-8.016501353930627,0.03728893443374365,-8.953993567021262,0.015297508867207363
179,966533938.0282407,3.032840967,-0.9877164959999999,9.53064216,6.095354037999999,16.948700901,20.377559791645577,77,-6.910395691403473,0.017279232668053715,-6.293908826438116,0.015523498326195729
180,966534728.012824,2.0903680319999998,0.193402797,4.386510457,18.333983979,12.947832437,22.86969189447528,94,-8.807817892807263,0.04486032141870958,-15.839250079245916,0.04282935875100918
181,966535624.0400785,5.090250015,-0.132453799,13.950382836,3.885203155,23.580695089000002,27.6723176786292,79,-7.121721051079614,0.021532592553254473,-6.621169956888194,0.01923715759811371
182,966536497.5931754,3.876153946,0.114803404,14.570124488,5.003875005,22.575640411,27.331059851902143,83,-6.51712857795721,0.0177106690692237,-6.619384457028215,0.015268663387763054
183,966537274.4358168,0.71571672,0.420498699,53.74741812,31.139202695999998,29.330575929000002,68.69292236785033,97,-20.41405887633126,0.10775197694108876,-9.39127801214631,0.07008995298262177
184,966538063.4263109,4.5917668339999995,1.082878947,23.978608872,18.272632337,21.009025546,36.745638249348936,107,-7.419618896002089,0.03185997052055335,-7.309514339659803,0.018600353242993625
185,966538940.8440984,2.946753025,-0.609429121,13.014906896,8.010010726,18.293318034000002,23.836810987110944,80,-7.188231205895335,0.021123317400216116,-6.284976972162906,0.01829049892835084
186,966539823.9953609,2.26651597,1.4507809880000002,21.711681397,12.300447339000002,2.608056413,25.089840016981746,77,-6.590889339659499,0.022558878582595854,-7.1365263076199295,0.01909681327944258
187,966540711.4981736,2.8461959360000004,-0.573171318,21.186681417,18.936487042,23.684808071,36.99237954386543,89,-8.547255336644508,0.06617352712025167,-8.095174372319287,0.04289517840799142
188,966541490.4988012,3.331918001,0.349212408,7.883133117000001,7.431566407999999,9.429952483,14.363007026681217,53,-5.97707669329191,0.014685844768269632,-5.861148485124674,0.015441175618715303
189,966542255.970426,0.752376497,0.05662391,20.967870753,8.078574561,13.970512637,26.45921756576951,78,-8.579969031105625,0.03035843002023294,-7.265487864940812,0.02661055710937405
190,966543122.353692,5.8695387839999995,-0.949341118,10.051104503,13.420784737,64.580567935,66.72174997326037,92,-8.956365154648042,0.05241787240716152,-9.934939992847909,0.05272563718380381
191,966543952.575434,2.582043886,0.24065609300000002,24.569626365,14.97569882,5.136685733999999,29.22881515205383,69,-6.360775303171344,0.0178390354714361,-6.157383171329769,0.018004260746073995
192,966544838.407809,5.068044186,1.083266973,24.08508561,15.538405881,12.911757641,31.436394378866773,84,-6.647337004829106,0.02196918728111739,-6.444230875604648,0.017379130032556336
193,966545689.1794381,0.198497295,0.22720369699999998,22.512766756999998,19.349622673,13.160494945,32.47200627987021,102,-6.943183308098091,0.02824441450249393,-7.090324627642579,0.021259205166621845
194,966546539.8064663,3.622867107,-1.084537983,3.098217923,1.45663288,27.233341973,27.447689313744778,77,-4.798063038665341,0.011016373238352022,-4.20986667195119,0.00919460596593764
195,966547400.0672745,0.451584011,0.528770387,6.109100562,5.603885552,21.380858305,22.93176279344941,84,-5.261551101361602,0.012596670711277898,-4.673609618488362,0.010467533481652344
196,966548230.8794899,0.06226217,0.8278784159999999,33.747465413,25.856338364000003,9.520095218,43.56688958779449,99,-7.381466840065693,0.03405964463050682,-7.494705504998041,0.029398235055364128
197,966549001.0004381,5.181968212,-1.058235049,33.196359186,18.145528879,6.46772977,38.3808547310022,95,-7.2660502362655395,0.029328548583055898,-7.038416646054386,0.01924296862796412
198,966549835.8818803,5.741003036,1.212057948,21.019656347999998,14.563352775,22.419081715999997,34.007828834340515,99,-6.767186219290667,0.02655163665826009,-6.726596861254057,0.02133240993909255
199,966550582.4171427,0.65514642,0.272589803,19.869122983,17.786357507,16.681578738,31.454914253141556,90,-7.585342551251163,0.016078541964964475,-6.660398003328575,0.030838490286135323
