sim-id,trigtime,ra,dec,H1-snr,L1-snr,V1-snr,snr,npix,logZ-tensor-N-0,logZ-err-tensor-N-0,logZ-tensor-scalar-R-1,logZ-err-tensor-scalar-R-1,searched-prob-tensor,area-50-tensor,area-90-tensor,ra-cdf-tensor,dec-cdf-tensor
0,966384130.7140256,4.566311836000001,-1.34117198,10.401680461,7.830675611,11.386343154,17.296336240895123,79,-6.002169224971098,0.019937269762072288,-5.783763271431736,0.017314094948703458,0.42606273671956874,1194.6595108575023,3364.163580678594,0.4793760831889081,0.030155979202772965
1,966384876.1370648,0.5138322710000001,0.275454491,10.80903645,12.705830270999998,16.925464565,23.76435866153259,91,-7.103870403253007,0.0309572800152137,-7.114373907205939,0.017630504309608885,0.6970318768713252,480.546916374182,1390.535620904391,0.1936197094125079,0.5195830701200252
2,966385695.0861443,2.9753379819999997,0.2969096,20.053865261,7.7174670260000005,8.942665167000001,23.274193208204125,82,-6.867257201405459,0.020205157069758135,-7.131626813639764,0.024960600204905953,0.0678639114467471,619.2928646729027,1993.3719288244556,0.5154773541870316,0.555881394591072
3,966386622.0088493,4.524222851,0.46986758700000003,9.337134613,11.246170307,7.2516091110000005,16.316993107005633,79,-6.6819614169091075,0.01717605072171693,-6.692759349031242,0.025910231875176267,0.19996749974487765,748.7212374619937,2414.6021774224596,0.7653495440729483,0.786322188449848
4,966387376.3090851,2.115628004,0.8671010729999999,11.27948049,8.319956664,9.109163092000001,16.716016608384418,76,-6.971852024859536,0.02030775278398357,-6.155592024795431,0.023959452375148387,0.08991839546095179,448.0004381562245,1586.1514521223448,0.3175296319401123,0.8699313786650031
5,966388392.1611309,0.816278517,1.0722539420000001,6.545704977000001,5.213545423999999,18.30426697,20.126437808093783,74,-6.303793664566045,0.01870734192046783,-6.163532422513367,0.01664757821967071,0.08490935865650409,896.6752242737822,2673.183615304871,0.1100196463654224,0.8781925343811395
6,966389149.6836656,5.126654148,1.3677810430000001,11.440761159000001,10.636683402000001,5.835440502999999,16.675803295665197,71,-6.922732532787637,0.02771778387769299,-7.839828649890622,0.017523614655469994,0.8837264038201741,459.1919746549168,2217.260590083018,0.855543710021322,0.9920042643923241
7,966390054.0539733,0.269400686,0.622580528,3.53960479,6.59888285,19.178895184,20.588930943987197,75,-6.187477726222634,0.016081522928318385,-6.026181422303924,0.01532834942999837,0.5498345373354068,1280.58356055227,5790.65247560381,0.0803840877914952,0.7174211248285323
8,966390815.2299151,2.036648989,-0.331694186,8.546341226000001,13.137515506,8.792306927,17.970501471027173,51,-6.20627359635327,0.022021498574122257,-6.628007370090624,0.021579742614613692,0.3490405533801981,806.7423537152599,2772.7279180414102,0.6794717887154862,0.17106842737094838
9,966391727.9693226,2.344242096,0.890730798,12.927244325999999,10.519212739,10.861277204,19.893084854153948,73,-7.382827934929384,0.036577305094914456,-6.725227530763823,0.02445556862496632,0.7067873652959838,150.3229750516937,362.45059403419765,0.5013035381750466,0.6968342644320298
10,966392440.273938,6.26701498,-0.461208999,10.31017091,2.6625378509999997,14.647197661,18.108813636509208,49,-5.715162546803764,0.0200118614283162,-5.868681397120811,0.019580334003263877,0.03034237807627713,931.4469745554579,3549.7564621569786,0.962938668415874,0.2925549360446048
11,966393363.9065711,3.93466711,0.544756711,13.914979464000002,10.941066184,3.010044914,17.955332163747553,62,-5.996702964778039,0.015535430676837002,-6.085391332821338,0.015777267300099086,0.279379793491329,1268.9137748006633,4603.280632223894,0.68939883645766,0.696186166774402
12,966394162.6198736,2.831732988,-0.501958013,7.841577849,10.577952876,11.939374335999998,17.774478606809808,56,-5.974225098634905,0.01854908191617438,-6.031877466430071,0.018429438977962273,0.8012299973113753,1056.033402206885,2987.970227152508,0.8185792349726776,0.1628415300546448
13,966395074.504896,5.884624958,-0.081114583,1.336868474,13.528201303,12.541568457999999,18.495685637411945,77,-6.986910391691365,0.024998160238080228,-6.80520922507099,0.026447333677987465,0.17195825664384976,459.583438799984,1439.5223387053875,0.9483272606823452,0.2245776747267307
14,966395875.5055504,0.764776111,-0.866135478,14.388394252000001,10.621997871,7.315215612,19.32265787547261,71,-5.506031396942418,0.014369162722065648,-5.817162771642428,0.01356936700555421,0.512821263377326,2340.064062832742,7021.5456186082565,0.25252877572375304,0.1423090338332752
15,966396701.0882093,2.0953619480000003,0.776272774,9.879294837,12.963397246,15.110606599,22.225673587626485,76,-7.013534782824181,0.027666158122192218,-6.794625307935167,0.025677374350033158,0.3518848718984433,324.6576617177231,869.6383965588797,0.19312261201806183,0.9340048627995832
16,966397582.8099912,3.67781496,-0.93659091,8.315155133,7.196383337,15.927178867,19.354709108646375,74,-7.098932925273582,0.01914814054093476,-6.829387623571867,0.019287828157752585,0.3480479020963122,704.1043641785482,3335.7313946728814,0.6365183564308291,0.3899829807926088
17,966398307.3417128,4.155073166,-0.853335381,5.628235397,3.7565684139999997,22.148574616999998,23.159192505308184,88,-4.891362059643011,0.011496239853484446,-4.371831989043823,0.010303491234151151,0.21850870952506105,5893.815890267075,16583.60640283251,0.6251846381093058,0.16174298375184637
18,966399127.8480319,3.276175022,-0.127407894,6.853066492000001,12.556200743,17.265435179,22.42137260210752,82,-7.372383365003609,0.02785874224510883,-6.672457757552334,0.025393194143694342,0.9999836508964669,295.9444113205338,1185.7281726315161,0.9119140041803523,0.5392654523738429
19,966399978.5731546,4.594175816,0.1008958,11.242783657,10.58375425,8.106174753,17.439211780028188,65,-5.951383685546872,0.02151630632967121,-5.753952053132211,0.020474913273996663,0.4227743919900342,1228.7624113593304,3008.4354078426613,0.6946320654105936,0.5734091717028084
20,966400798.229133,5.027079105,0.045537829,12.360256240999998,15.204686891,8.508790289,21.362536131712154,79,-6.647353859636256,0.025346467782297405,-6.618365618542656,0.022266797269323867,0.3095206217649157,601.9235772081332,1723.1098952652512,0.5584944048830112,0.44523567310952866
21,966401595.9413028,1.895926952,-0.27398338899999997,11.490359683,12.326864265,5.9140126539999995,17.859325125102515,71,-6.008128804742385,0.01852620727937406,-6.083824450613041,0.016532811312273556,0.04687736084002356,1308.7921994088956,3280.754854245047,0.35235378031383735,0.45898716119828814
22,966402505.2010216,4.196976185,0.01537717,11.210944776,11.262946095999999,21.092138767999998,26.408664399028055,89,-7.855245440721161,0.022023099699789033,-7.664695410435497,0.012614751692909862,0.8514009918882793,388.37010078594227,1506.6564854737296,0.8724939855653568,0.5813953488372093
23,966403401.6063725,1.381757975,-1.206508994,11.650007672000001,9.064024756,6.181677792,16.002886110297283,53,-5.6185991835460944,0.015120727133642455,-5.542359000198152,0.014735736922904152,0.15750989371342802,2022.7174204015928,6691.285609017965,0.46052227342549923,0.11274961597542242
24,966404135.5558304,1.7955139880000002,-0.608824015,14.911621264,11.680185048,1.940672516,19.040729536728826,74,-6.0290293804355075,0.017826452220666547,-6.201515399964956,0.017030491602387694,0.48458713612713933,1275.103936931453,3672.6524247331567,0.3893617021276596,0.3276595744680851
25,966405069.5770764,3.3930230139999997,0.824247122,15.652636245,12.635076361,12.717334133,23.79875550353328,84,-8.08275442920348,0.04624068915999142,-7.605370635025851,0.042230703535812146,0.5046925083239097,102.22502906805879,264.2265632956532,0.748730964467005,0.7690355329949239
26,966405882.8559777,4.48193121,-0.069394477,12.629468945,6.282787985,8.432528176,16.4342460166633,48,-6.025530638142329,0.018361744557505836,-6.0518046709280435,0.017822971075120975,0.18787373825851572,1200.517589103099,4314.2531044174,0.5581787521079258,0.34879145587408655
27,966406637.3648524,2.011046886,0.917541921,4.571419518,2.66343467,23.549610694000002,24.136609631219308,88,-5.602701880729918,0.012907289870228537,-5.074690455518572,0.011128634730281646,0.6064461703646745,3271.614968786707,9926.43406516384,0.2752896962104604,0.9182586908863138
28,966407642.614747,2.6476430890000002,0.6721826790000001,9.834842295,11.328897731,14.804144351,21.076781934921257,72,-6.431401784906327,0.024358956783244252,-6.0747640411523856,0.021273016572558624,0.5173816616246042,660.2666423841297,1696.991201995403,0.10355434039644566,0.7696514012303486
29,966408367.7889053,1.402341008,-1.013277054,14.128317369000001,9.053964498,6.664429165,18.055421371586267,77,-6.539934052759856,0.02204989987626925,-6.263243846851224,0.023699717827710885,0.5569198981489627,733.7996723945816,2214.021011119438,0.516896551724138,0.03517241379310345
30,966409213.346088,3.402846098,0.39415350600000004,10.564788682,16.328570964,2.090884477,19.56038822513139,82,-7.187658176050471,0.025409039260608855,-6.380202514210564,0.026114544138387735,0.4560437996761929,416.1280130608884,1344.9002201720286,0.5386075949367088,0.7968354430379747
31,966410092.97924,0.29302999399999996,-1.17513597,11.966431124000001,9.572482792,12.437772648,19.736415305011924,69,-6.912361478059004,0.0250251508977721,-6.929160752663628,0.02510866269737382,0.0005139510742618198,401.96314241626646,1580.495047058074,0.06346205779098028,0.07885498244666486
32,966410931.1897149,2.840524912,0.426784396,12.145768421,15.126915809000002,14.808441882,24.40559819798947,90,-6.54896580713988,0.026821359772501756,-6.585792025423563,0.02559478114982606,0.4476157129778365,477.43949102161935,1319.4871689497882,0.11973546815175774,0.6185172293769579
33,966411642.324408,1.7731980090000001,0.784594715,7.841221086,6.7435429529999995,21.794199068,24.1235825012393,89,-6.134168308388945,0.01659220083400695,-5.727485758804794,0.015082406282180352,0.5446137220051085,1168.5478976890993,4685.901441052037,0.3398884649251541,0.7590255356618726
34,966412520.1734225,2.3241679669999997,0.913681209,3.862392785,0.9855913479999999,20.78206886,21.160903913411975,75,-4.500432961040849,0.010347541812504111,-4.103758872176558,0.008991749772906146,0.4791854361939568,7538.3556319098325,19749.321967165994,0.28401229823212915,0.8966179861644888
35,966413373.8141752,4.67776823,-0.090007491,11.472805059,10.50090994,18.759776367,24.368495538905528,81,-7.627352865082316,0.039087014467648784,-6.881177900184582,0.02882172916240852,0.1869115131717337,148.34514661080874,497.64882561595925,0.1897018970189702,0.13038241493526045
36,966414245.4995545,1.940791011,0.266078502,5.128337033999999,10.131312192000001,18.899486056,22.048444404243178,82,-6.7870426641566866,0.022952770322394806,-6.86972362124601,0.022551256330506905,0.19092760741736164,562.7282739008377,3432.0915148709228,0.16576487948844074,0.6861780619773733
37,966415025.0180658,4.30198288,-0.26366201,7.312911173,12.916602514000001,14.31868723,20.623823465095516,72,-6.6754328781756715,0.023281098855899435,-6.251698058376936,0.02114212042604623,0.2684932637232234,603.2138357334471,1808.0804809408664,0.9301282051282052,0.2528846153846154
38,966415841.154488,4.205428123,-0.10116810400000001,5.203083233,14.704801884,12.460710279,19.96428246229731,38,-6.24263611546379,0.020939505832908656,-6.214089499145898,0.017964781640035822,0.020331274412952818,823.7169922804746,2873.5347972809104,0.829556038497361,0.3402669978267619
39,966416701.6392397,0.101082399,0.496083885,11.161992820999998,11.895433159000001,5.5627070960000005,17.23470696043832,54,-5.858937832003582,0.017814831667216858,-5.794132435536379,0.017027137850765588,0.5128938114006003,1093.8586422881822,2912.2335498034813,0.04929830874415257,0.5627923713566031
40,966417510.4066653,3.747205019,0.40731701299999995,12.160003108,14.993228607,6.398269407000001,20.337168707882743,86,-7.8663520032541285,0.018531933875335527,-7.790971732577132,0.013720041690236856,0.07729975272277674,218.53164643528063,808.42640925817,0.3439908649728804,0.616328860976306
41,966418394.4530078,0.021818221000000002,-1.045495987,8.273957267,6.660969279,18.910839403,21.68978394355235,82,-7.411583848898228,0.023451545039881387,-6.87661296654346,0.0186950533779266,0.47414415301693896,454.88818643479743,2564.4669802436006,0.014512785072563926,0.10734853720340935
42,966419244.982511,3.54538703,0.558755279,11.442622304,11.640703889000001,11.959475655,20.235331728585912,63,-6.623086290531613,0.028256693073176884,-6.49887948721179,0.01893251140272957,0.025078884986215126,507.83253375490887,1673.769899418225,0.22919179734620024,0.6616405307599518
43,966420201.458412,3.7537620069999997,0.37133160200000004,5.864764789,12.154734758,10.225885814,16.932270484155218,70,-7.677362283046353,0.026018031971309388,-7.772749978318016,0.019370714292560803,0.2510398960927161,263.1697757978828,2048.4502041392975,0.46052009456264775,0.7267139479905438
44,966420913.3284323,5.408080101,0.086412877,14.312179335,10.240492674,17.172593804,24.588699548382543,82,-7.087203183369121,0.026843018013325864,-6.47855553753519,0.02177080123911549,0.8179218854965471,434.2201012731482,1200.1056320778382,0.49284525790349415,0.24292845257903495
45,966421764.9511981,1.12560904,-0.279754907,10.84565242,11.32752685,1.216458456,15.729615765431038,60,-6.666440719743633,0.018790953737210656,-6.156650213741835,0.024987334011686957,0.21907226940771818,611.2012339644745,1978.4523730243552,0.18762475049900199,0.3419827012641384
46,966422694.7459024,1.6556210519999999,-0.633811891,13.048465252,9.624970937999999,11.646266645999999,19.96341748748766,70,-8.217969164714196,0.04562958466718749,-10.452685568469919,0.07085714063658391,0.10643304536611987,87.41919330498338,235.9009575485298,0.2494294098467558,0.4603847407890447
47,966423384.1048456,5.50714016,0.974905729,14.873002157,9.760515325,8.353364979,19.65330911180278,71,-6.868034081629525,0.028741770976800286,-5.657231944555309,0.021260613726179923,0.4700150764269333,498.46201708407665,1533.0884247843328,0.736444298389747,0.9710811698981269
48,966424376.8928205,1.9904179569999998,0.49544298600000003,8.2843444,10.526336727999999,13.990667482000001,19.369380569366314,80,-6.015233163362302,0.0207531371651502,-6.012999882101142,0.017965067178925327,0.7688298483493332,1221.2581556069954,3997.4800368250194,0.7799152266058037,0.8875122269318553
49,966425050.1832511,0.648217976,0.086842343,9.108738537999999,11.236449685,12.994831174000002,19.44460224632906,86,-7.529056478194541,0.020795750364290412,-7.184582033197938,0.019823995841452956,0.06857298616152926,566.1710766221977,1999.6929393786793,0.25271542360608257,0.5119478638667632
50,966425978.1803513,5.552133082999999,-1.20065999,7.576408517000001,9.467557227999999,17.820651963,21.554865860596323,76,-6.261546471386426,0.02157663245487037,-6.0327444656285785,0.0182527533232456,0.319676635985022,1159.4680205226932,4424.325064968201,0.9211500142328494,0.03871335041275263
51,966426780.6526382,0.45680019299999997,0.629652023,13.231008557000001,11.466512847999999,2.815382697,17.733214149141812,73,-6.456253719476129,0.01731564488723636,-6.415042315863976,0.018485791032535448,0.07776101310717985,859.943890599768,3192.9642695094976,0.09863429438543247,0.5177541729893779
52,966427546.6668217,3.086776018,-0.170943394,12.838159586,8.654361424,6.166159181,16.665468257995443,66,-6.113521399154633,0.018739296024832274,-6.480361805932215,0.019700186716245592,0.7053032580256706,938.7443289718678,2968.85145117307,0.5275566442131047,0.44366197183098594
53,966428422.8576909,5.364758015,-0.408536911,6.700642922999999,11.124017540999999,15.664309535,20.347308791147725,78,-8.116279958174427,0.030843164445516043,-7.9468511097959045,0.029234605617680865,0.2798742019301463,257.46521684995344,1124.51769489845,0.937327651040361,0.1642015542742542
54,966429320.0472957,4.422707081,1.238306999,9.760548749,7.73758947,12.631647250999999,17.739704477852953,53,-6.0829336152923545,0.01794555795843627,-5.797745237016401,0.015760005477980003,0.4487313001022111,1048.8731567419272,3660.269641521073,0.5542540073982737,0.9164611590628853
55,966430110.974127,5.577914237999999,0.062570147,6.038538966,9.103595568,16.260259608,19.58916658842754,77,-6.249097207314401,0.01229991769500912,-5.703754402085853,0.013657421744608943,0.45677394061693044,1449.8116335174652,5992.437069438885,0.8949796472184531,0.39023066485753055
56,966431019.6399208,3.894028902,0.08627588300000001,13.434804345999998,13.282029945,14.657945205999999,23.91153790405953,85,-6.99468632165784,0.02958363628341303,-6.821105491772797,0.02530046305480418,0.056329267579500485,495.7459805581246,1378.7268912533389,0.445928338762215,0.6205211726384365
57,966431803.0623486,1.2784600259999999,0.8646892909999999,15.958670254000001,14.667946187,5.102423366,22.267970851124606,77,-6.782446109633959,0.01500366761130292,-6.494604312896149,0.01848531745871373,0.15279482588618115,664.954957056407,1878.4144174733676,0.2025667707249393,0.7277141866111689
58,966432638.7037562,5.7467060089999995,0.882754922,16.214078797,6.486715232999999,8.959443761000001,19.627670729250607,72,-7.081293599577208,0.025313241228411425,-6.968544254565928,0.020534016906683123,0.5514137663102854,378.6264304623138,1625.7753273740836,0.3968208912858359,0.8929889298892989
59,966433590.7686573,5.017643929,1.058632016,10.158829264,8.277324081,10.552091184,16.824462378110507,75,-7.29016136371319,0.01999810662301337,-6.939229323080299,0.020823197754886322,0.41254924394375636,283.656406952982,1210.7989771801808,0.4500140016802016,0.9722766732007841
60,966434391.8076493,2.200952053,0.330538899,8.558115199,13.78164705,9.702607612000001,18.902796767742302,70,-6.607087891939308,0.028238535793746446,-6.400253775292867,0.015159442275674031,0.14473009742766063,674.4187074884143,1814.279665771061,0.7029972752043597,0.9032697547683923
61,966435192.5465316,4.91078186,-0.210392594,9.62599661,12.73530808,6.49007508,17.232787272298168,63,-6.117146890341949,0.013771849294864401,-5.808341025033274,0.017463550650493306,0.6877449514654157,1331.458128316351,3908.72767829508,0.6492972231744943,0.3390469660610216
62,966435923.3286929,2.550282955,-0.38860610100000004,5.6297604560000005,12.532203392000001,9.677808973,16.805068020340677,70,-7.415225607930083,0.019964912412163364,-7.833606076327141,0.024555480112049086,0.05993618908664762,475.8622526221997,2433.766211878239,0.1744316902993473,0.2790907044789557
63,966436750.58512,5.524411201,-0.889311075,12.004161245999999,13.201732143,11.797976638,21.391069901860483,77,-6.293088602001661,0.0204913401914144,-6.1761555893705316,0.021122454590803846,0.4885197202226439,852.0368353592465,2091.0273081437444,0.8537859007832899,0.02237970906378217
64,966437685.6885507,2.916286945,-0.27644360100000004,9.971488467,8.748771474,22.314986327,25.960165625935193,83,-7.463010089348948,0.01971901160585154,-6.832757778034035,0.015866337905150272,0.043896467654242904,623.4030690161761,3707.4855475349004,0.3798140770252324,0.5132802124833997
65,966438488.7023937,3.344053984,-1.047121048,14.155521031,10.746657946,9.601565215,20.200482351798094,79,-7.574571892312942,0.03280151245093519,-6.34984760367965,0.022677640892534674,0.15282007789775878,341.90657942979124,1302.886464635761,0.7946799667497921,0.05901911886949293
66,966439349.1656429,3.798664093,-0.71726352,13.433388544000001,8.448868441,5.243376736,16.71323742735148,63,-5.626716528172712,0.0172374916102973,-5.84922694665665,0.013065389807095495,0.4978784234990843,1925.380377643406,5704.413667044501,0.7743517869656622,0.19096005606166783
67,966440200.0348392,0.879197001,-0.587677896,5.610882253,7.17629681,20.814519155,22.720595133405034,79,-5.747254246738813,0.012146870053357382,-5.3775843799074945,0.012076062176091818,0.8508693248986531,2465.992470680892,8562.422976929953,0.11954765751211632,0.4691437802907916
68,966440975.5751549,5.82459116,-1.1225420240000001,10.018088318,9.384581616,9.000994003999999,16.414943152952347,53,-5.86919088176327,0.01714459455883852,-5.565941579610028,0.018657034703695407,0.5928786450265595,1440.0475892527102,3716.345018206098,0.9644153957879448,0.11909949164851126
69,966441923.8422563,2.3973290919999997,1.053797007,11.018133704,10.691043339,8.535291459,17.565559435602253,61,-6.268159997080361,0.01938610228477594,-6.204295844062406,0.017290042794522807,0.6558319511830478,1040.820652474696,3104.1523665680465,0.38017845761631613,0.8989802421924793
70,966442770.8774732,2.523857117,-0.38844299299999996,9.294721182,12.444555363,3.068853119,15.832771693543982,67,-6.546577439637217,0.01749016024177231,-6.133637720781644,0.024794509903312178,0.18523124368578328,688.5132672368719,2158.9271783992644,0.18271520925484858,0.23851650221163662
71,966443508.0463868,3.6999430660000003,0.1888403,11.675806807999999,11.894207462,20.436301433,26.371178434557553,94,-6.791144786378624,0.017316420701437053,-6.449818486856425,0.0196137294145871,0.6200617478230157,713.7576708199476,1865.0710925981289,0.81811697574893,0.587018544935806
72,966444391.1877311,3.148665905,-0.018948911000000002,3.624074902,15.692924877000001,12.677373185999999,20.496770501412744,63,-7.009034722604564,0.025742459241638798,-6.9856206068124385,0.0335049083668173,0.4667988496478247,381.4590257819294,1325.7160971597768,0.6564118184587268,0.3505939689308559
73,966445136.1558515,2.91022706,0.986872315,8.103562039,10.592224337000001,11.638966808,17.701087042410208,72,-6.795722529238695,0.01704039469480993,-6.500983627527849,0.020136241548604182,0.2089831991784345,632.3610227644945,2270.5133081678346,0.46621237932992615,0.8753549119818285
74,966446074.2363958,5.836676121,0.469634801,10.363593909,12.980560325,5.247981277,17.419538815518873,55,-7.097654287645955,0.020213669362386357,-6.234495541122888,0.024403022086657063,0.06750661874799209,316.49724445845663,1512.9451963845363,0.8407752698724239,0.5934739941118744
75,966446977.0969534,4.192680836,-0.48448750399999996,15.154135418,7.745613045,10.531461036,20.01384553909474,75,-6.320320775208628,0.013582389947337488,-6.273307419734211,0.019574124284288306,0.5813733684396561,1395.0645241050154,4690.879776863328,0.7285760834147931,0.3326816552623004
76,966447768.7731642,4.558440208,-1.159067035,15.475384932,11.892662912999999,7.58057766,20.937720210546072,56,-6.362081946163234,0.022660528386941,-5.968705009300146,0.02375465383395323,0.49828944661566815,658.8529890884197,2088.433970532377,0.8704243602202786,0.02397149335924846
77,966448645.5620782,0.469430894,-0.46871641299999994,10.702399817,4.985848634,22.00943196,24.976291631183976,75,-7.180845476036677,0.02213691101074138,-7.019680787524846,0.020388252177295684,0.379589178376973,559.7107116266972,2645.7779565618043,0.03865791393143691,0.45805981035740334
78,966449438.7522944,4.689691067,-0.311218113,13.941264495,10.444694813,8.259067252000001,19.278555374542865,62,-6.237829446432655,0.018843806017339548,-5.966221078333269,0.018719895971280827,0.07438016340439954,1219.6999031677603,3494.6020283851194,0.7312541473125415,0.42667551426675515
79,966450319.3602328,3.36696291,0.09627593300000001,7.803977125,16.012924752,8.714483142,19.83073459337651,61,-6.514427285489136,0.0221303949559233,-6.977712962584316,0.03248203276778136,0.22734568452183185,455.8744398572541,1639.6898702893532,0.548150240045185,0.7297373623270262
80,966451034.2388333,5.059707165,1.4075319769999999,10.443056958,8.268760439,13.646145156,19.069533697608495,66,-6.109903153029931,0.019970350281548133,-5.938747463910986,0.019794859055394194,0.5290853965110077,895.0387431988203,2736.082642251719,0.5989029825162838,0.9739458347617416
81,966451879.950648,3.473279953,0.650047183,8.404030086,11.346392301,10.503756859,17.598217184918898,46,-5.961297701317023,0.019243085666957965,-5.977061034393769,0.017883141516926375,0.09413289134217792,817.2143605658608,2314.4912896477995,0.6870725034199726,0.9186046511627907
82,966452710.8255734,1.34484899,-1.18552494,11.286607942,9.202846564,19.835538915999997,24.607488856140815,82,-7.329196734707031,0.023485030179781836,-7.029190160940735,0.023671445939554572,0.038832392173757745,562.7056131242782,1867.2574806669074,0.23846153846153847,0.10934065934065934
83,966453658.1423149,5.044246197,-0.9346209759999999,14.25370213,9.902079002999999,3.9353449910000005,17.79623929909375,80,-6.338166855211948,0.019008139217509438,-6.0862817753995255,0.024011429589731344,0.591352866660334,882.1287307909606,2555.4854796286513,0.919432918395574,0.07192254495159059
84,966454383.6048882,3.8035979269999998,0.157894894,6.077751258999999,14.879033937,11.589457177,19.81515149884529,63,-6.876359226431403,0.0230643230274832,-6.666298104754246,0.024379627832083542,0.6083405534870824,397.77800899555274,1558.5697919747965,0.7634088200238379,0.7890345649582837
85,966455229.2924796,2.7013568880000003,0.863999486,16.777799377,15.38461817,4.824001374,23.26912154396701,83,-6.450322800848566,0.01929250295626322,-6.524695043195192,0.01539960884466111,0.2639599457020505,736.298407103049,1997.913189981413,0.485080058224163,0.6935953420669578
86,966456099.4149297,2.811041117,0.179113999,8.646723917000001,11.40895862,8.712573109,16.758254726234533,68,-6.2252733752831295,0.019875982482086597,-6.155841866628353,0.017376689882362562,0.6545087244713879,946.7349185495791,2423.8200461182187,0.3261515601783061,0.5297176820208024
87,966456966.6938748,3.993596077,0.612660825,10.674009628,13.437139157,6.814002825,18.464068478055623,48,-5.494073226248832,0.01298293301919918,-5.8168981364759755,0.014208714631908065,0.43428787855166445,2094.9097083398237,6297.4881585943285,0.5602388479100808,0.9269406392694064
88,966457725.5504688,6.096737862,-0.35198909,15.243022083,13.966480824000001,12.429037217000001,24.122464114836124,86,-6.695342875991437,0.027645675773519986,-6.658089199105962,0.018630379092154967,0.1459135960630397,662.3937669865419,1931.2161245063037,0.9034596375617793,0.5640856672158154
89,966458579.2437928,5.840044022000001,-0.161384702,12.321588443,16.467156769000002,7.821720896,22.003820386206048,75,-6.4623033761589985,0.019461887840700593,-6.329282171696023,0.018499296359450818,0.8013174252008893,819.3805600591137,2001.1089038377856,0.8330213403219768,0.5039311119430925
90,966459394.1102189,4.415417194,0.530649424,10.720579556,12.994932163,14.130753045,21.988116553181033,90,-6.442565775128566,0.027989375242003896,-6.417844472480824,0.023261022246031347,0.6440793945108927,765.2422441320302,1948.4302744596573,0.845360824742268,0.8597201767304861
91,966460209.4674445,4.611529827,-0.551486313,11.14722688,4.140439398,13.029795425,17.640279882701865,55,-6.02816374482334,0.017536728500629137,-5.788674536642106,0.01843725164645027,0.4749300379487364,1433.0386046752706,5397.34009280631,0.5580224985198342,0.2098875074008289
92,966461173.0153859,3.499650002,-0.234428197,10.378652015,13.255217665999998,7.738261467999999,18.528300072284978,67,-6.743582192981247,0.021509005257135488,-6.934733194596115,0.026146509544087596,0.19124069653932466,436.51647079306747,1496.621084526197,0.19760285066407515,0.3333333333333333
93,966461860.8809127,2.233896971,-0.527740598,6.984930632999999,8.113181459,16.651716782,19.796278466480096,58,-5.391206566715251,0.016330510421146305,-5.199351110195913,0.014744102709652877,0.6118393963616461,2361.5708469917868,7046.211020840923,0.4505886550124866,0.4156261148769176
94,966462826.3137631,4.577453136,-0.482381403,11.988888023,9.195920135,13.122769325999998,20.012632459042905,57,-6.856720531118328,0.018828807028016502,-6.578666873040096,0.018869119421534044,0.077322725417289,575.469920550129,3328.903168500974,0.7211931681501083,0.45417368294443106
95,966463541.1546702,3.227312088,-0.09027519099999999,9.343283015,10.650552824,9.129627696,16.85471194719068,43,-5.670379723923314,0.01797651605896779,-6.385755758941715,0.014298041388071192,0.38565804943499443,1386.9525954806272,4395.736202047077,0.5599523951204999,0.2868193989883963
96,966464367.1004369,2.95332408,0.49938881399999996,13.181486105,10.94928128,2.790367935,17.361580852489862,41,-5.840371889335593,0.015506130124622085,-6.314612080167875,0.012792590876083977,0.3244173315418692,1431.5759157991154,4722.189132699718,0.5314039408866995,0.6373152709359606
97,966465299.348835,2.977641106,0.281923413,13.537992996,11.966954581,6.715299197,19.276423413296637,74,-6.257850146516127,0.02015630741979274,-5.946286354976685,0.025135019888863755,0.4651786760077776,1048.1803153524124,2828.266895657093,0.5577195467422096,0.6497875354107648
98,966466087.3538438,3.41188097,-0.325450808,8.921345723,12.189881780999999,10.050566594,18.14380104069913,68,-6.490210622566151,0.022918364827391798,-6.652115284688128,0.019981901091670976,0.1914078013352646,897.9310110421413,2922.935640724071,0.45541879315520867,0.35454818372861
99,966466987.3090056,2.509705067,1.025519013,13.965874719,9.389869987,7.1416762920000005,18.28165351655264,74,-6.614402034253777,0.022182916072946247,-6.564413529208565,0.02588250024602517,0.7646674850628075,724.2910276876933,2230.3059586867007,0.708648470897731,0.9638276882604406
100,966467777.9735888,0.164449006,0.8864979740000001,3.0379310110000004,2.963435741,21.045596252,21.46923607911628,85,-4.767632811469848,0.011028226067138333,-4.266886433151724,0.010088756645610613,0.0037555329886438883,6690.239377199992,17788.00799621268,0.03003003003003003,0.8652402402402403
101,966468608.6938579,6.100152016,0.110350899,9.631550879,8.759471309,11.732884777,17.525857900209,65,-5.814635983090447,0.019397835173442377,-5.7698497772486315,0.015892148197349645,0.7800420560107633,1511.6024997273366,4101.691244732065,0.9108527131782945,0.3382663847780127
102,966469394.2662328,5.989507197999999,0.956884086,6.662644427999999,5.0171109419999995,17.317930001,19.221678711752297,65,-6.753800528279539,0.013371718726835912,-6.080837172643247,0.011781705629924435,0.3629481754824794,1889.4840158346376,8724.972996053286,0.9251652502360718,0.8701605288007555
103,966470371.6829549,6.190576077,0.583625197,6.88799525,7.086936754,19.689666004,22.03070807914017,89,-5.929641958526904,0.016153433710967093,-5.788681781738676,0.013675739659971662,0.3842479713145462,1739.0366399684544,5619.194786396498,0.9772577455504284,0.6308503625576797
104,966471238.9970069,1.875733972,1.215893984,10.108823985,9.459363158,9.639502364,16.869732645783117,54,-5.585015752385083,0.01642451281322068,-5.200315106121828,0.018376311357970992,0.8118217934860886,1711.9978070067905,5244.007732229607,0.4782608695652174,0.9834368530020704
105,966472016.9955491,4.078219891,-0.41339018899999996,5.835718692,2.708496503,19.762347607,20.78321315145519,73,-5.195846668525306,0.011637847212198984,-4.761517120374664,0.010887934685478448,0.10950736137569082,4309.389143246218,13815.003542662938,0.6109282422646478,0.30612244897959184
106,966472873.3556743,4.395013809,0.456999511,10.931799855,12.734518773,6.5124904070000005,18.002353950273683,72,-6.802475630361627,0.018015863382866003,-6.510388466693928,0.02272921442482113,0.3189416454298741,719.9486702593466,2374.8927289269245,0.5572746206486164,0.6408806902707528
107,966473697.5591412,2.7623000139999996,-0.133931905,11.65245992,12.014774442,20.352644949000002,26.350802331226994,91,-6.698082237928248,0.026920342494844714,-6.624182747431277,0.022730763684416445,0.6588946783173674,511.30588745936717,1481.233783429364,0.5249092708677005,0.2144506763444408
108,966474482.6405213,1.690603018,-0.377988189,9.821194977000001,13.310913894,6.450300362,17.755074605017846,72,-6.409052185558704,0.014978997288473178,-6.034200956841397,0.022644273255998243,0.3808029553850293,1104.5249535490798,2725.3909249028306,0.4739302409205322,0.238403451995685
109,966475436.7628914,0.630061984,-0.275971115,13.058431886,13.397380285999999,7.473083138,20.145952780557757,80,-6.664210737669768,0.023307623795465287,-6.854785570308475,0.02133426668592043,0.059905713048210435,566.7666258142958,1818.9484666587189,0.12437185929648241,0.5741206030150754
110,966476225.3396488,1.9462130069999999,0.28880780899999997,11.677781909,15.323944773,1.2152729340000001,19.304682385997307,70,-6.433455392690146,0.015466062127297259,-6.301418410696418,0.013888712215081426,0.23662748613018786,907.3526637860163,2655.1842782197746,0.38872305140961855,0.6550580431177446
111,966477083.0038755,0.189787105,0.241342098,4.140182908,9.042077767,21.396602163,23.59480597457558,87,-6.440923252098808,0.01463054689617689,-5.810862611130576,0.012185907198242314,0.22390929566553078,1744.688188811554,7945.936585222426,0.03303684879288437,0.657433290978399
112,966477821.0622933,3.92130208,0.918772101,12.904867905,10.237463059,2.91876005,16.729029432676743,68,-5.875071459010666,0.013354028006317435,-5.774951415514779,0.016684243451675688,0.3378311503546762,1788.192383573102,5066.6372975840895,0.7554719562243503,0.8334473324213406
113,966478634.0402684,5.825509071,-0.372508794,12.254231033,7.675064565,18.290527027,23.31557790861029,76,-8.315043683187131,0.033920101779783614,-8.693029309653749,0.02540906860432129,0.053365166350442826,89.58572310461321,794.1947341700488,0.6143422972691266,0.5463831561392537
114,966479560.3408769,4.917521954,0.8849685190000001,11.165762284000001,11.26070919,6.44610928,17.11812325268893,59,-6.019327894562806,0.016156416659554824,-5.938732456122058,0.0214907543195097,0.6033022793492375,1101.6744882954335,2705.87093527239,0.7851384507535927,0.7669120224325272
115,966480348.6438109,5.050005913,0.8816127779999999,11.198032944000001,11.977703912,12.542647360999998,20.6441114035177,82,-6.242240557080003,0.026093530965597897,-6.291907522987786,0.02058759654222138,0.5916920078652432,627.8941593774135,1518.328585615371,0.821969696969697,0.6954545454545454
116,966481132.8549422,1.146350026,1.1840909720000001,7.935526374,5.70348991,16.267779705,18.977434824452203,73,-5.9759383462965525,0.01581943598037085,-5.813705458858359,0.016047212661347524,0.08480263011354243,1822.989086694032,6433.619475314855,0.22583404619332764,0.8246364414029085
117,966482049.910158,4.293917179,0.045552749000000003,10.89516786,9.861619413,8.671124578999999,17.062960517125198,62,-5.898270935233632,0.019801179736598864,-5.638550402805346,0.018655910478195526,0.5725486601206615,1422.5841195143723,3539.113910487633,0.6781226903178122,0.5646711012564671
118,966482815.0767264,5.9163661,-0.870675325,10.904218070999999,8.595666442,9.064925612,16.58192780327853,63,-6.454118925546143,0.020842106102078,-6.0147145220349465,0.019862225028126543,0.8227518348877928,663.5597954373494,2144.3770695982735,0.898798228969007,0.07558507273877293
119,966483688.4518557,4.229990005,0.42198669899999997,13.193268211,8.567881522999999,3.7484648239999996,16.171639014531376,75,-5.593735567233633,0.013415053718844236,-6.054940287052678,0.015735038924082834,0.9283359191348822,2371.0657782143003,7109.500831368908,0.6751304347826087,0.6827826086956522
120,966484526.6208398,1.267366052,0.721895397,1.353364684,3.6603567110000004,19.571683598,19.956968860021888,80,-4.792957624163326,0.01151312597993873,-4.295557882169386,0.009801942014335298,0.10210255539343029,5983.60591231983,16167.840037637814,0.1795325779036827,0.8116147308781869
121,966485420.0546067,2.875614882,1.114907026,14.766848673,11.769422900999999,13.755878908,23.362434369847342,62,-7.653091658632662,0.03194759010653003,-6.782406961767978,0.027378209823215434,0.806297219471663,177.26686654748409,1082.7785608279557,0.2572424892703863,0.9726394849785408
122,966486300.5334415,3.0788409710000004,0.999722421,11.073624194,8.477761997,9.358450722999999,16.79518386926856,60,-7.376066551605772,0.03707128330669009,-6.572811153798801,0.02004440760856825,0.18463970212960798,195.1541092094358,712.2127165999906,0.7799709724238026,0.8943396226415095
123,966486984.8659459,3.798614979,1.053156018,17.047023046,11.703912504000002,10.288350019,23.09616220815917,88,-7.005172403129232,0.02080835588941563,-7.487973601305637,0.026859498538601582,0.42175083446162326,591.6402858529121,1556.213132709309,0.5601851851851852,0.9761396011396012
124,966487965.6237987,2.594747066,-0.438293904,13.283812245,16.998596082,9.634162796,23.626870916378838,76,-7.108612330511667,0.019948436913476184,-6.803890699121472,0.025029017439157947,0.45046327042874035,452.48601177551234,1372.882767386999,0.5591572123176661,0.23047001620745544
125,966488791.8541216,5.776751995,-0.158280998,9.618281937999999,14.704483142,7.001145268999999,18.91425935610116,69,-7.533766028399576,0.027479600654552076,-6.807607410928857,0.02966720798659621,0.4495523763333736,202.85893499057025,949.7382139867606,0.5600612088752869,0.32109155827595004
126,966489485.9428358,6.20639801,-0.660772681,11.280139031,9.856465535,7.25035864,16.64208970682333,52,-6.637372569368205,0.024615729943110246,-6.112157732621418,0.020169933824577293,0.7190695486792579,532.0550495043502,2430.527215100891,0.84911164147441,0.3208697958101299
127,966490417.8095952,1.990710974,-1.1157950159999999,14.650462190999999,12.440242238,6.396300759,20.25606903497378,82,-7.483004395513321,0.022379861814105256,-7.132776545299747,0.019626912258629958,0.5065672576743742,480.320915931292,1509.9722634663565,0.4580663137364168,0.16801337419894122
128,966491255.6655059,1.63975203,-0.644807279,13.816365559000001,10.453357011,1.741161329,17.412532062653877,48,-5.663050298188748,0.017003356750900516,-5.894266033004548,0.013176521194483738,0.42753108955323066,1484.6940565528407,4821.621594219242,0.3492214807753416,0.3292024149984112
129,966492093.4685117,3.459466934,-1.213981032,4.32831072,8.511893112000001,16.608175251,19.157716022712854,73,-6.559127461529609,0.01898050215398842,-6.194803705608708,0.013890720905504675,0.4682651267630771,967.8042818650661,6719.35344561718,0.5457771469127041,0.12301868937780933
130,966492996.5494275,3.763412952,0.305658489,8.283560535,8.620868267999999,16.977271808,20.764501026365416,83,-7.87475946005202,0.04285653821016749,-7.744782179450582,0.02971101376648877,0.16864771802712505,141.53545560381608,510.1693812899564,0.1994007082538818,0.7395804957777172
131,966493741.9519181,1.877864957,0.249127805,8.231032298999999,8.871880583,13.301778909000001,17.983255543146544,75,-6.325584721350094,0.023401313976068334,-6.1664577820985835,0.021326733240707836,0.02326677853972573,998.8841647316268,2630.018675089813,0.30974358974358973,0.5709401709401709
132,966494664.1195288,1.453856945,0.975162089,7.282476774,5.745375329,16.750514257,19.147415844152224,80,-5.503945707370273,0.015260518736329111,-5.111372639978093,0.01475812706291213,0.1574140052863642,2564.9221634409505,9677.20260340514,0.3103548574752763,0.8516579406631762
133,966495366.6819708,0.7850949759999999,-0.8217856290000001,13.448957177999999,8.857088407,10.968794352,19.484273498428383,64,-7.1783866725524,0.028498528517077834,-6.53611351392527,0.024886677813101124,0.2823778141552599,272.79725805498134,942.6461507550648,0.24876775877065815,0.17106407654392577
134,966496190.7463008,1.8427430390000001,0.973335803,8.912587237999999,9.076882386,18.037289125999997,22.0718781289485,84,-6.142089715331044,0.015396463258077564,-5.7234443129790185,0.015245006274500658,0.41038803777827526,1738.58287580769,5225.044856196919,0.2914131169709263,0.7440838404327248
135,966497113.5732387,4.453083992,0.21492010399999997,11.992895620999999,5.031519321,14.485402129,19.467218776513377,76,-6.125811918726266,0.016327412956131056,-5.984669681600024,0.01728828945328394,0.05412116579203149,1315.4924223145717,4565.3557185100435,0.44972577696526506,0.38238878732480197
136,966498007.5125188,5.66384697,0.698318422,11.246789789000001,11.647238052999999,6.27683356,17.36511083641991,73,-6.32394658333528,0.017714559674105294,-6.262631422265099,0.01436562858670896,0.7648701317414608,991.0276546792683,2496.3509445167883,0.868547832071576,0.6328286304198211
137,966498847.8415098,3.911570072,0.787592828,11.188802903,9.224495117,9.070975866,17.104479639184948,73,-7.4625638709724615,0.028668950546120012,-6.774964354518203,0.02472173272385574,0.40328917187279806,181.3626940079357,587.4329956144089,0.6049548041513224,0.7207900903916974
138,966499712.8599964,6.091360092,0.1085236,14.524890294,16.043417009000002,9.561449036,23.659775464814356,80,-6.701011970971314,0.02339491648672696,-6.748791325987443,0.02761851675530793,0.15684070792779634,482.1644343126941,1305.484403716098,0.8851091142490373,0.5224646983311938
139,966500529.4975357,2.876631021,0.5500385760000001,6.881799557000001,9.220821882000001,14.449677323,18.470947351479182,70,-6.1079541257413235,0.022397986072332895,-5.9994042515220025,0.02057545092471075,0.3711771497407599,806.7376919169717,2219.731702337615,0.3949402670414617,0.7041461700632466
140,966501316.5649843,4.715135098,1.0071870090000001,12.008401252999999,8.652562722999999,8.313644945,16.97601939796327,51,-6.84608919447642,0.024414265706783855,-6.851137144468033,0.021797241837376767,0.061017088307956845,405.52049733916004,1984.2132565547886,0.6985987261146497,0.8932484076433121
141,966502051.8231368,5.70123291,0.408743113,12.775140914000001,13.391110995,5.744472794,19.378468637484563,85,-6.873310082783974,0.024242012047170712,-6.759241579832031,0.020912950474839147,0.2650247382464111,491.7504188271752,1514.6873326222253,0.6784818067754078,0.41468005018820575
142,966502874.7603632,0.37530410299999994,-0.8115394709999999,7.206830872,9.368260675,12.863961507,17.469522745225223,58,-6.5000945175511315,0.023708828760690647,-5.901425510148819,0.02006942343562913,0.1049430279243489,481.92044229178754,2276.9759702995448,0.11705685618729098,0.09235914587085156
143,966503756.5902172,5.294123173,-0.058596040999999995,10.400128732999999,8.643499959,11.247065494000001,17.588895685361564,67,-5.969845012675647,0.02241243749588164,-6.103515076300043,0.014160104146318131,0.5511762922997431,1076.9962981356252,3253.964545787174,0.5140689219095795,0.36484350300347773
144,966504712.1828848,6.000189781,0.064191788,6.764146361,14.74934426,7.30875441,17.796480638562194,69,-6.535969586590744,0.020590945900442158,-6.706102707474339,0.024703034150611834,0.155389124553942,525.365591723151,1999.4003710889194,0.8224083164885937,0.5677158533063817
145,966505437.7885923,3.1328880789999998,0.283238888,10.98977126,13.723216869000002,15.417233646,23.38360209369127,83,-6.69040517235134,0.023584966972413524,-6.520577425678286,0.022946983379012315,0.5295116496066238,776.0616652803486,2030.1779059231178,0.45115636865723163,0.5719710044874008
146,966506252.3000045,5.168163776,0.132759005,9.812473791,5.929459925,14.22789386,18.272276831108613,72,-5.981681263601987,0.01781512600494689,-5.693866701842479,0.018396814529845693,0.42917385143463854,1342.892478270408,4824.5710565115405,0.6694669756662804,0.42439165701042875
147,966507175.1221336,1.6645900009999999,-0.12327390199999999,2.433023974,9.205251561,15.613359334,18.287516278925267,70,-6.244649027525859,0.014456705686394667,-5.963494194950968,0.015067483831802717,0.1742903816624232,1458.1094608052256,5946.9508739833755,0.5220052462838822,0.44972311279510346
148,966507937.6791332,3.168452978,-1.039798021,11.976414645,10.034841253,4.154760895,16.16770190275978,44,-5.634253031510658,0.017900236344376638,-5.686772220347718,0.018180910559548537,0.14761976008536146,1548.0589326309762,6047.685717612178,0.7116745283018868,0.18514150943396226
149,966508835.728827,0.12961819800000002,-0.895054281,4.548862602,3.7056072589999998,22.030273903,22.79817195239633,84,-5.808735148433074,0.013369154562644151,-5.3536217894352145,0.011916224191049273,0.1597024117587475,2250.3017024631804,8550.92754377887,0.029760184917653858,0.16209188095926033
150,966509675.8955742,5.446939945,-0.50918901,7.700678028,8.018355447000001,14.613649821,18.36173268665487,49,-5.669860492037139,0.015257308269897357,-5.542288829670311,0.013655766864930434,0.8667555366070608,1638.3249700077624,6081.088895132182,0.881156001179593,0.1731052786788558
151,966510443.1285728,2.603339911,-0.050794389,10.674651529,8.082455219,12.535104513,18.341295286444613,82,-6.418519693467362,0.01896569966679321,-6.155574468429322,0.015325229446579058,0.4237054402339804,1269.9006248714268,3536.7355342898736,0.7567043618739903,0.5108239095315025
152,966511413.8394728,4.278390883999999,1.003571033,9.534942698,8.543849987,11.161952677,16.985337571508282,66,-6.574732843047301,0.02066461411983113,-5.814978123613486,0.019233947632788576,0.014934482772114203,781.8126743302782,2333.009582598713,0.3810457516339869,0.946078431372549
153,966512107.7894636,5.854815006,-0.5036141279999999,18.614387364000002,11.297091191,5.082813473,22.35966634626114,76,-6.451813606382727,0.02100287215629663,-6.436345010857413,0.02082866767762216,0.254283674750865,834.7659545302408,2214.997602102613,0.8624747814391392,0.3557498318762609
154,966512984.9840049,2.7785859110000004,-0.23545530399999998,16.417510664,10.411585201,14.746409539,24.400663046158115,88,-6.519557409292071,0.025499292794510908,-6.610634538258743,0.0192316562799133,0.41161343592355243,687.7699415263681,1919.135575942627,0.588336783988958,0.5555555555555556
155,966513761.93472,1.002642035,1.052037001,14.24136913,13.257238529,7.894955161,20.997649513836535,76,-6.620398595658176,0.02417896739147772,-6.490044059248137,0.01995832457869879,0.1801221797628705,689.5141217259352,1806.8476920009273,0.17585206671501089,0.7277012327773749
156,966514658.8646227,4.55657196,-1.3197410109999999,15.036853676,12.878702393,13.380989685,23.89600026680145,77,-6.894547933084094,0.02541260307432773,-6.541280164075705,0.026828740628470293,0.387154675000622,583.9268424676798,1554.9142821242904,0.8579680598029222,0.10057764186204553
157,966515547.2299566,0.521584988,0.276379794,15.184426674000001,14.456390821,7.373807741,22.224470513126004,83,-7.045527464971505,0.01994717076344511,-7.000929125897924,0.0160774341962198,0.5522239841055709,542.8067799507926,1643.943142497507,0.030398986700443317,0.3923369221025966
158,966516435.7112752,3.5368540289999997,1.299056053,10.704542259,7.8052893160000005,16.03076779,20.796520916203317,75,-7.299042795504353,0.031411236325356,-7.2526540124223935,0.028253642375383508,0.04734803022498633,278.9021238596342,1386.0806327440037,0.3665359477124183,0.9283660130718955
159,966517189.1647975,1.7198569769999998,0.08796588300000001,9.45557831,15.416498893,5.391634911000001,18.87183420624309,54,-6.380992331765845,0.023188892826557426,-6.405499624202351,0.021116908809219483,0.34942537536691043,431.46464223595984,1181.887303459285,0.45597589554737195,0.6300636089722129
160,966517959.9684585,2.47281003,-0.8109762070000001,13.589046916,8.54515964,11.015798353,19.468686722845263,79,-8.07272230064295,0.02976049943087371,-8.02391945968928,0.03034160227426376,0.668434781761193,144.6211327334583,731.5605418330196,0.2526287409005123,0.4165543273119439
161,966518816.8920307,5.157693863,1.281301022,14.029522892000001,10.951867085999998,14.2814382,22.81951757393178,89,-7.148909140895459,0.024693627215289195,-6.263123216159818,0.022601564162714208,0.2274611285948391,324.5720626866098,1026.6247363722948,0.7827997489014438,0.9296924042686755
162,966519636.8573987,3.399882078,-1.3205809590000002,12.390004145,9.696989143,8.219417208,17.75113011590371,72,-5.998867319002441,0.015403383871334423,-5.676799078083973,0.02142144547733054,0.8241073814538677,1408.7850248202722,4209.8436965018445,0.8306841741534209,0.014167242570836213
163,966520479.630824,4.873354912,-0.127712697,9.380547621,12.710784905,6.272065273,16.996985890439433,72,-5.959403465976285,0.01893544948063111,-6.102637559794805,0.017651381931811688,0.2930149176943681,1125.0080047180431,3712.867228149539,0.5766327535280604,0.35083688874302593
164,966521452.9191213,3.414108038,-0.65488708,18.759298144000002,10.774708718,9.48750964,23.62241422848901,79,-6.910012955239413,0.029198025829171637,-7.18610739470905,0.025547816692314405,0.1663728236938487,479.82626034269225,1281.4347085376444,0.7813822284908322,0.31170662905500707
165,966522162.7530378,5.291759968,1.0667459959999999,10.504051699,9.564908117,11.484949505,18.268186404630235,63,-7.2139247937441,0.02651124770492059,-6.100559560658144,0.020262819660225116,0.30551905144107533,467.04236774831986,1637.0282729902601,0.6275132275132275,0.9560846560846561
166,966523143.2225771,4.448769093,-0.659549475,12.669879358,11.802003275999999,3.27293479,17.621725977116473,82,-6.890001418836626,0.01542906198467152,-6.9372350949917445,0.023084467532390785,0.13463834524874194,786.4399326552648,2400.9881408216756,0.7167716771677167,0.3258325832583258
167,966523831.6513273,4.544789791,-0.8547592159999999,12.478658695,11.392773455999999,3.701463562,17.297775647373015,48,-5.4253685485055145,0.014815043820286583,-5.780506781011561,0.015649559432384327,0.8711682838072865,3105.898601260029,12850.11278518714,0.7338530066815144,0.14894209354120266
168,966524651.324476,3.089869022,-0.119294897,1.088859397,9.508113259,20.414684468,22.54660006432028,74,-6.466465016395148,0.01706097270791144,-6.085427124516115,0.016784458258227847,0.5090261372485217,965.3122103393634,4075.490056226688,0.478939617083947,0.5172312223858616
169,966525515.7409035,1.8563549519999998,0.636901975,10.344946612000001,11.06732264,5.679501729,16.179007717184042,39,-5.5692711101871195,0.01864061759095068,-5.773886958431784,0.013197921760899813,0.4427911431822088,1381.8202016632458,3910.850034976747,0.278430057027843,0.600469641060047
170,966526433.3416272,0.888112307,0.19725689300000002,14.947783330999998,10.158174212999999,4.821608894,18.704882843227846,80,-7.021185345840882,0.02029024361615396,-7.143566733230391,0.030300040980737946,0.28884098202326064,589.1410755235544,2465.2126965601037,0.26188599947465196,0.4491725768321513
171,966527276.856701,4.086752892,0.054890300999999996,14.720680424000001,6.043492168999999,3.3901222619999998,16.27006941268565,82,-6.743404736845502,0.018564181460483106,-6.982424741231366,0.022577389931695634,0.7941838752137882,937.5013819620359,3797.810229586396,0.5225404026084491,0.5965409696626027
172,966528130.9973754,2.667943001,0.107023701,10.342511483,18.835018245,9.585825485,23.52899288737929,67,-7.581464109186358,0.029794959144981415,-7.649605983850116,0.024496299037905032,0.10173309467455806,166.39758597840125,615.2082772141122,0.5824404761904762,0.6764880952380953
173,966528894.3209981,2.334625006,0.131726697,10.748911935999999,16.033296922,0.329648516,19.30581223727712,77,-6.482551592720979,0.016237578363673972,-6.424198814382093,0.013989366059030731,0.019436442226185388,815.3158866348194,2495.7146224650323,0.41498959056210966,0.5947258848022207
174,966529787.4684361,5.015498161,-0.03247761,10.880518124000002,12.884959692,6.918709803,18.228450462101424,70,-7.365917950748241,0.01785246531555088,-7.525969243314014,0.03449745733876664,0.3642983542705156,482.5550680341691,2661.4736194438806,0.7471857410881801,0.6245309568480301
175,966530498.2915603,5.506517887,-0.727974892,10.6516214,11.428613374000001,6.134667873,16.784051716237293,57,-5.588988446915005,0.01564266833973693,-5.7751968288157896,0.014100959262009527,0.6850624269239906,1821.591866352084,5323.249339576497,0.8318872017353579,0.25560375994215473
176,966531397.0859427,0.823146701,0.643002808,13.425818522,6.391918252999999,9.538486309,17.666124164787625,73,-6.996297678650818,0.023383497518829306,-7.079170744264395,0.02227532160595211,0.1780762882108868,395.02561447737247,1539.1840902241,0.39025787965616043,0.5492836676217765
177,966532326.2128128,5.25701189,0.46925211,9.084086706,11.775374886,14.812062538,20.989932863579828,79,-6.288780751657457,0.02392301344704947,-6.229480742314123,0.020698872926640154,0.16941978436178928,1000.3806274329,2797.1940102705266,0.47455295735900965,0.577028885832187
178,966533187.5547181,0.65378058,-0.347700685,9.624702999,11.694991312,17.785563936,23.3609506255259,84,-8.072836402634273,0.030355548392580672,-8.162521107989102,0.02243957025437472,0.06437774591419115,285.38863388633484,1138.205133319861,0.2052230182574532,0.30945227640397505
179,966533938.0282407,3.032840967,-0.9877164959999999,10.630061925,9.320653031,10.512492545,17.61775493535725,77,-7.47223520664638,0.03189705984694491,-7.181468901962881,0.021488266716108196,0.17759274132739022,137.43616895804212,871.2905079648395,0.5033470648815654,0.2796086508753862
180,966534728.012824,2.0903680319999998,0.193402797,11.469819704,18.349672478,8.2772449,23.168513703444884,87,-7.778024543281919,0.03693969604866523,-9.53253685321658,0.044785287503871285,0.787234763426432,174.62776676691317,493.7778898082272,0.7524752475247525,0.7131906739061002
181,966535624.0400785,5.090250015,-0.132453799,12.047159638,15.876810530999999,9.709319387999999,22.169304250673303,74,-7.5514294630143945,0.026429783248660424,-7.526038166076916,0.02164117350191154,0.2782565415247784,468.0403599520682,1418.9509617047547,0.6586402266288952,0.36572237960339943
182,966536497.5931754,3.876153946,0.114803404,4.709029128,10.672948209,14.047133144000002,18.259483244758382,65,-6.911931304572936,0.022354422072370837,-6.437975377622404,0.020006066238947094,0.5507867082368387,536.7236548372566,2674.933948299611,0.7212720470336719,0.5921966862640299
183,966537274.4358168,0.71571672,0.420498699,11.229972894000001,10.244682057,17.44101678,23.135575808032836,75,-9.181832903447628,0.03997278513291582,-9.676469631229375,0.058854661966965295,0.483814044904615,32.20791692200438,104.32748502877824,0.33160472486315185,0.5197349467012389
184,966538063.4263109,4.5917668339999995,1.082878947,8.819903403,7.288294434,18.952410045,22.138287610127918,57,-5.676748005215521,0.016061285920657316,-5.645781883062029,0.01249430506865073,0.19016113214906086,1714.9150027668102,4674.956240369942,0.6997319034852547,0.8890750670241286
185,966538940.8440984,2.946753025,-0.609429121,9.689654395,11.283040377,9.76982228,17.794544945750637,59,-6.332878164112389,0.023419096905835216,-6.118083406771854,0.020878843457573928,0.4188085148010515,708.2094590434821,1826.1120271272196,0.1642806012884753,0.16105941302791696
186,966539823.9953609,2.26651597,1.4507809880000002,10.894122145,9.06932113,8.964945703,16.77214162016831,54,-6.558410208080625,0.018099947179751632,-6.4115022120368685,0.019954390425916565,0.38838551135056243,871.7474412871338,3197.795062365142,0.48095238095238096,0.9464985994397759
187,966540711.4981736,2.8461959360000004,-0.573171318,9.809168493,12.131220380999999,14.904819372999999,21.576374463709367,88,-7.442371300123783,0.021472866241952347,-6.824677197068388,0.024680208823745386,0.06848264707616651,438.38983619068534,1148.5707511234716,0.16314398943196828,0.23183619550858653
188,966541490.4988012,3.331918001,0.349212408,8.773111362,11.537061619000001,6.978712305,16.086444579415765,55,-6.411224191218091,0.017471892993463516,-6.177604710240366,0.02047777688679728,0.35127856274443503,821.0095024043936,3512.5388064844465,0.617561260210035,0.7704200700116686
189,966542255.970426,0.752376497,0.05662391,4.691345718,13.98031428,8.07921437,16.814625087993587,42,-5.96205867682837,0.012491854754096058,-6.034623271692486,0.013315719514578724,0.4888813095110047,2613.660297161937,13112.880036350718,0.19032494502809674,0.5484974346445151
190,966543122.353692,5.8695387839999995,-0.949341118,7.593609367000001,5.794033363,18.921623173,21.195790839955887,78,-6.525084830988768,0.021277981674474707,-6.352181433237539,0.021720143156722303,0.063108706462038,873.3049903177379,2863.004346029428,0.934010152284264,0.28456255598686175
191,966543952.575434,2.582043886,0.24065609300000002,13.477683203,8.161644708999999,5.700137177999999,16.75565435082718,52,-6.175547978410505,0.01700754217281394,-6.07211137785133,0.021391570513171743,0.052473413361348864,946.6959000989838,2920.4140643019578,0.6483550589695841,0.6871508379888268
192,966544838.407809,5.068044186,1.083266973,9.04517234,7.103962162,20.596178242,23.589912658500094,80,-6.247660963631458,0.018828135002818568,-6.03409204070776,0.016063613177700997,0.4280748632501527,974.4498403321443,3760.0404502278516,0.7326185834957765,0.8369070825211176
193,966545689.1794381,0.198497295,0.22720369699999998,11.034576332,14.001027498,8.922026082999999,19.93472335529688,87,-6.425791372679078,0.023833201500138398,-6.184489284309055,0.022573139427418246,0.8726398382416257,667.116937424064,1789.9717446946363,0.21978021978021978,0.5106227106227106
194,966546539.8064663,3.622867107,-1.084537983,9.412364686,10.253341841000001,15.051120612,20.500240475848873,38,-5.557508492452761,0.013414599509946775,-5.2157605084512415,0.013559003541342539,0.7066689218387221,1809.5322070853128,5791.732675440928,0.5292544299565363,0.05683717820127048
195,966547400.0672745,0.451584011,0.528770387,10.778657604000001,12.348871862000001,8.206468007,18.330854130625692,78,-6.520976338831884,0.0203360429554688,-6.046937588615708,0.015612394541814532,0.6841222014579215,877.9534244097408,2813.5640287293095,0.08632640201638311,0.7804032766225583
196,966548230.8794899,0.06226217,0.8278784159999999,5.69044079,6.115980405,23.7156666,25.143968958404226,84,-5.693621644293312,0.017080530717981185,-5.3152288191620825,0.017050513554468703,0.14936625410397317,1572.906677697073,4883.443829558492,0.06330837304288632,0.7525527569775358
197,966549001.0004381,5.181968212,-1.058235049,17.719353939,12.221464624000001,10.709574222999999,24.042351831906636,92,-6.994815328582707,0.02132158339767116,-7.226986265486101,0.030012977221984576,0.4436381287598074,423.44706785887394,1183.8829294071347,0.4911242603550296,0.028928336620644313
198,966549835.8818803,5.741003036,1.212057948,9.331936183,6.862829633,17.997900127,21.40345468555565,78,-5.688986611148062,0.01514795827172784,-5.578561590056045,0.014777644724587596,0.8741422754299578,1701.691486459834,4908.806427759675,0.9092169092169092,0.9057519057519058
199,966550582.4171427,0.65514642,0.272589803,10.621270172000001,13.460400876,7.029334219,18.531198325301116,70,-6.34362489469918,0.014721906793628628,-6.160064885196596,0.014752483590324378,0.4059376095880625,983.6379554983737,3124.177801896092,0.15761763738071735,0.5788088186903587
